1724138701.997956 0.212212 0.497931 0.575781 0.686012 0.705677 0.108916 -0.139805
1724138702.031271 0.214722 0.491425 0.592461 0.692646 0.701149 0.113711 -0.125305
1724138702.064595 0.216637 0.484528 0.608488 0.700228 0.695714 0.116679 -0.109765
1724138702.097921 0.217947 0.477759 0.623448 0.708309 0.689915 0.117523 -0.092218
1724138702.131245 0.218372 0.471669 0.637791 0.715868 0.683124 0.120375 -0.079906
1724138702.164570 0.218419 0.466723 0.651182 0.721746 0.676687 0.126303 -0.072276
1724138702.197904 0.218039 0.463050 0.663316 0.726749 0.670481 0.133673 -0.066503
1724138702.231248 0.217660 0.459587 0.673998 0.730945 0.664711 0.141721 -0.061594
1724138702.264583 0.217696 0.456778 0.683001 0.735208 0.659167 0.148484 -0.054048
1724138702.297936 0.217888 0.454521 0.690450 0.738848 0.654312 0.154623 -0.045513
1724138702.331291 0.217981 0.453069 0.696144 0.741070 0.651100 0.160022 -0.035739
1724138702.364634 0.217758 0.452442 0.700642 0.744067 0.647321 0.163450 -0.024968
1724138702.397998 0.218193 0.453337 0.703496 0.747105 0.642804 0.168662 -0.013774
1724138702.431361 0.219296 0.455683 0.704752 0.749228 0.639250 0.173204 -0.004147
1724138702.464724 0.220294 0.459682 0.704143 0.750313 0.636592 0.178263 0.001728
1724138702.498098 0.221433 0.465322 0.701488 0.751382 0.634104 0.182491 0.005898
1724138702.531471 0.221926 0.472396 0.697147 0.752548 0.632054 0.184805 0.005010
1724138702.564835 0.221912 0.480471 0.691018 0.753059 0.630651 0.187568 0.000050
1724138702.598207 0.221567 0.489835 0.682573 0.754234 0.628831 0.188889 -0.004856
1724138702.631580 0.221269 0.499459 0.672761 0.754862 0.627941 0.188977 -0.012688
1724138702.664944 0.220982 0.508474 0.661682 0.751893 0.631362 0.188587 -0.021778
1724138702.698307 0.221158 0.515920 0.648883 0.746243 0.638799 0.185443 -0.025846
1724138702.731671 0.222166 0.521140 0.634506 0.739610 0.648586 0.177850 -0.026124
1724138702.765024 0.223757 0.525179 0.618535 0.731096 0.660670 0.168313 -0.026141
1724138702.798379 0.225044 0.529182 0.600813 0.725409 0.669506 0.158051 -0.023752
1724138702.831713 0.225771 0.533669 0.582362 0.721741 0.675101 0.149717 -0.030236
1724138702.865056 0.226221 0.538062 0.563439 0.715508 0.681960 0.144096 -0.047062
1724138702.898391 0.225452 0.541330 0.543801 0.710521 0.687571 0.135236 -0.064170
1724138702.931725 0.223699 0.544301 0.524047 0.706675 0.690533 0.127001 -0.087435
1724138702.965051 0.222497 0.547899 0.503768 0.703563 0.690589 0.125630 -0.110917
1724138702.998358 0.221514 0.550223 0.484506 0.702521 0.688916 0.124754 -0.127655
1724138703.031682 0.220335 0.550845 0.467208 0.702546 0.687823 0.121097 -0.136619
1724138703.065007 0.219644 0.550836 0.451428 0.704192 0.685570 0.120155 -0.140250
1724138703.098341 0.217633 0.551450 0.437992 0.705258 0.682671 0.121964 -0.147295
1724138703.131675 0.214394 0.551676 0.427730 0.704211 0.680966 0.124652 -0.157589
1724138703.165019 0.210769 0.552294 0.419504 0.703533 0.678986 0.128426 -0.165914
1724138703.198353 0.206796 0.552524 0.413322 0.703019 0.676971 0.132913 -0.172653
1724138703.231697 0.202422 0.551785 0.409967 0.704533 0.675094 0.132258 -0.174328
1724138703.265040 0.197280 0.550691 0.409506 0.707256 0.673101 0.129378 -0.173163
1724138703.298385 0.191955 0.550286 0.411644 0.708578 0.671486 0.130585 -0.173124
1724138703.331729 0.186790 0.549627 0.416363 0.710072 0.669234 0.134449 -0.172766
1724138703.365072 0.181561 0.547968 0.423747 0.712603 0.666747 0.136055 -0.170690
1724138703.398426 0.175806 0.545211 0.433584 0.715072 0.664588 0.135138 -0.169505
1724138703.431770 0.170025 0.541360 0.444673 0.717064 0.663261 0.133656 -0.167452
1724138703.465114 0.164369 0.536520 0.456436 0.717867 0.665136 0.129841 -0.159384
1724138703.498458 0.158517 0.530968 0.469889 0.718343 0.667595 0.125257 -0.150371
1724138703.531802 0.153192 0.526106 0.484565 0.721099 0.667245 0.122112 -0.141031
1724138703.565136 0.148781 0.521427 0.499316 0.725850 0.664924 0.122066 -0.126957
1724138703.598470 0.144403 0.516749 0.513725 0.730683 0.662853 0.122575 -0.108185
1724138703.631804 0.140749 0.512379 0.528072 0.736782 0.659400 0.121552 -0.087002
1724138703.665138 0.137605 0.508152 0.542175 0.741426 0.657136 0.120227 -0.063288
1724138703.698492 0.134334 0.505021 0.556099 0.743816 0.655936 0.121504 -0.041504
1724138703.731836 0.131032 0.503905 0.569695 0.745281 0.654238 0.126273 -0.024183
1724138703.765180 0.127905 0.503473 0.583326 0.747208 0.651616 0.130432 -0.008002
1724138703.798533 0.124681 0.504169 0.596431 0.749624 0.647872 0.135279 0.005098
1724138703.831887 0.122308 0.505665 0.608490 0.750709 0.644996 0.141995 0.015924
1724138703.865240 0.120771 0.506933 0.619450 0.751126 0.643232 0.145839 0.028168
1724138703.898604 0.119585 0.507083 0.629585 0.751952 0.642025 0.143125 0.043457
1724138703.931967 0.120130 0.506842 0.638329 0.747627 0.646290 0.142195 0.056067
1724138703.965321 0.122823 0.508172 0.644904 0.740460 0.652768 0.147467 0.062180
1724138703.998673 0.126652 0.510294 0.649430 0.736815 0.655666 0.152205 0.063555
1724138704.032027 0.131341 0.513042 0.651286 0.736762 0.655213 0.155641 0.060446
1724138704.065380 0.135938 0.515775 0.650092 0.738971 0.652704 0.158105 0.053869
1724138704.098743 0.140430 0.519007 0.646292 0.744082 0.647415 0.158634 0.045056
1724138704.132087 0.144004 0.522609 0.640463 0.751149 0.640142 0.157645 0.033780
1724138704.165431 0.147749 0.528586 0.633367 0.755733 0.634714 0.160701 0.013458
1724138704.198765 0.151257 0.536949 0.625316 0.756497 0.631235 0.170431 -0.014433
1724138704.232108 0.154450 0.547616 0.615978 0.753827 0.630585 0.179893 -0.041800
1724138704.265443 0.157818 0.560688 0.605628 0.745214 0.634618 0.192575 -0.069505
1724138704.298768 0.160946 0.575547 0.595321 0.735019 0.638573 0.206640 -0.096285
1724138704.332102 0.163943 0.591447 0.585219 0.724666 0.643499 0.216934 -0.117078
1724138704.365426 0.165823 0.606464 0.574686 0.715309 0.650512 0.220313 -0.128955
1724138704.398750 0.167455 0.622677 0.564926 0.704119 0.658889 0.223445 -0.141967
1724138704.432075 0.169010 0.639740 0.556370 0.692294 0.667194 0.227154 -0.154861
1724138704.465389 0.169149 0.656635 0.548827 0.682885 0.675479 0.225420 -0.163039
1724138704.498705 0.169777 0.673456 0.542675 0.674950 0.683179 0.221998 -0.168603
1724138704.532020 0.170323 0.692694 0.537771 0.665836 0.689293 0.224907 -0.175937
1724138704.565334 0.170038 0.712931 0.534887 0.653592 0.693883 0.235235 -0.189760
1724138704.598649 0.169917 0.732793 0.533059 0.642429 0.697654 0.243914 -0.202659
1724138704.631963 0.169912 0.749096 0.531313 0.633713 0.702644 0.246962 -0.209066
1724138704.665278 0.170790 0.762980 0.528585 0.628676 0.706841 0.247659 -0.209302
1724138704.698593 0.171271 0.775647 0.525555 0.623670 0.708278 0.253189 -0.212777
1724138704.731917 0.171665 0.785130 0.522114 0.619726 0.709962 0.254887 -0.216624
1724138704.765233 0.173761 0.789554 0.517362 0.621802 0.713768 0.245808 -0.208507
1724138704.798557 0.175353 0.788942 0.510158 0.627811 0.717805 0.233084 -0.190474
1724138704.831882 0.177934 0.784927 0.503237 0.633335 0.719923 0.221107 -0.178071
1724138704.865206 0.180634 0.779169 0.495777 0.636625 0.720030 0.214604 -0.173808
1724138704.898521 0.183008 0.770574 0.487947 0.638702 0.719165 0.211786 -0.173227
1724138704.931835 0.186041 0.758585 0.480109 0.642592 0.716641 0.207709 -0.174236
1724138704.965159 0.189745 0.743221 0.471930 0.649094 0.711593 0.203687 -0.175566
1724138704.998487 0.193461 0.723588 0.463550 0.657332 0.707263 0.195866 -0.171263
1724138705.031811 0.196667 0.702026 0.454773 0.665658 0.702011 0.188809 -0.168613
1724138705.065135 0.200146 0.679480 0.446139 0.674394 0.693949 0.187393 -0.168853
1724138705.098459 0.203122 0.655189 0.437438 0.682874 0.687030 0.184972 -0.165705
1724138705.131793 0.205905 0.627735 0.429085 0.691704 0.683098 0.174222 -0.156747
1724138705.165128 0.208010 0.598678 0.421549 0.699154 0.680135 0.162655 -0.148807
1724138705.198462 0.209856 0.568615 0.414633 0.703940 0.679702 0.150599 -0.140689
1724138705.231796 0.211250 0.537871 0.408764 0.705944 0.682304 0.137002 -0.131663
1724138705.265130 0.212100 0.508507 0.403749 0.708058 0.683130 0.126640 -0.126292
1724138705.298464 0.212663 0.480410 0.399340 0.711096 0.682092 0.118462 -0.122719
1724138705.331788 0.212705 0.453684 0.395740 0.712479 0.681352 0.114113 -0.122923
1724138705.365112 0.212293 0.428859 0.392835 0.714351 0.678623 0.114237 -0.126978
1724138705.398427 0.211967 0.404546 0.390129 0.716235 0.676875 0.112730 -0.127041
1724138705.431743 0.211834 0.380701 0.387978 0.717239 0.676846 0.109366 -0.124445
1724138705.465057 0.211585 0.358141 0.386423 0.718521 0.676941 0.104504 -0.120654
1724138705.498372 0.211508 0.337268 0.385220 0.719834 0.677022 0.099909 -0.116183
1724138705.531687 0.211270 0.317932 0.384513 0.720951 0.677133 0.096233 -0.111625
1724138705.565001 0.210880 0.300409 0.384696 0.722060 0.677500 0.090264 -0.107123
1724138705.598316 0.210591 0.285516 0.385623 0.724022 0.676775 0.084660 -0.102964
1724138705.631631 0.210470 0.273878 0.386693 0.726560 0.674529 0.083774 -0.100511
1724138705.664936 0.210490 0.264992 0.388235 0.729071 0.672451 0.082491 -0.097261
1724138705.698250 0.210266 0.259666 0.390374 0.733150 0.668898 0.080265 -0.092863
1724138705.731565 0.210187 0.258689 0.392824 0.737862 0.664721 0.077803 -0.087479
1724138705.764880 0.209792 0.263184 0.395456 0.740925 0.661777 0.077459 -0.084150
1724138705.798194 0.209270 0.272693 0.398294 0.742430 0.660189 0.078162 -0.082705
1724138705.831510 0.208472 0.286928 0.401254 0.742900 0.659738 0.078226 -0.082013
1724138705.864825 0.207567 0.305092 0.404182 0.741738 0.661526 0.075835 -0.080356
1724138705.898149 0.206461 0.327087 0.407266 0.739287 0.664726 0.073357 -0.078830
1724138705.931473 0.205271 0.353347 0.410505 0.735458 0.668357 0.076368 -0.081042
1724138705.964797 0.203685 0.382341 0.414464 0.729938 0.673671 0.079777 -0.083633
1724138705.998116 0.201661 0.412146 0.419552 0.726154 0.678257 0.078599 -0.080556
1724138706.031440 0.199502 0.442075 0.425052 0.724970 0.681186 0.074570 -0.069592
1724138706.064764 0.196946 0.472994 0.430452 0.722949 0.684092 0.076052 -0.059820
1724138706.098089 0.193749 0.504858 0.436272 0.720192 0.686522 0.083451 -0.055196
1724138706.131423 0.189609 0.535751 0.442360 0.715425 0.690930 0.091218 -0.049621
1724138706.164757 0.184938 0.564210 0.448102 0.709351 0.697346 0.094803 -0.039281
1724138706.198091 0.179421 0.590446 0.453107 0.702095 0.704773 0.098333 -0.026233
1724138706.231435 0.173114 0.614698 0.457402 0.693189 0.712996 0.104371 -0.015261
1724138706.264769 0.165943 0.637158 0.460766 0.683017 0.721998 0.110278 -0.006782
1724138706.298103 0.157449 0.657291 0.463631 0.673282 0.730730 0.112804 -0.000438
1724138706.331437 0.147779 0.675376 0.466136 0.664653 0.738466 0.113573 0.002134
1724138706.364761 0.137229 0.691102 0.467488 0.654965 0.747134 0.113038 0.005813
1724138706.398095 0.126739 0.703733 0.467777 0.640929 0.759250 0.112105 0.013485
1724138706.431429 0.116397 0.714337 0.467301 0.624216 0.773124 0.110122 0.022520
1724138706.464753 0.106570 0.723467 0.466281 0.606473 0.786674 0.111437 0.030276
1724138706.498078 0.096992 0.730652 0.464390 0.585862 0.801502 0.113588 0.038196
1724138706.531402 0.088261 0.735687 0.462147 0.565684 0.815169 0.114610 0.048631
1724138706.564726 0.079966 0.739282 0.459500 0.547706 0.826652 0.114801 0.059042
1724138706.598060 0.071772 0.740838 0.456588 0.533904 0.835118 0.111482 0.071385
1724138706.631394 0.064014 0.741141 0.453438 0.528554 0.838327 0.104828 0.082763
1724138706.664728 0.056616 0.740236 0.449892 0.529905 0.837780 0.093212 0.092935
1724138706.698062 0.049003 0.737334 0.446126 0.535768 0.833880 0.077499 0.107661
1724138706.731377 0.041415 0.734411 0.442454 0.547451 0.825677 0.060185 0.122194
1724138706.764693 0.033378 0.731677 0.438376 0.562879 0.814686 0.042361 0.132888
1724138706.798007 0.025871 0.728519 0.435172 0.577440 0.802758 0.022654 0.147070
1724138706.831302 0.018165 0.725503 0.431837 0.590728 0.791106 0.006689 0.158580
1724138706.864598 0.010332 0.724785 0.427378 0.605544 0.779875 -0.002473 0.158448
1724138706.897864 0.002505 0.725802 0.421829 0.620477 0.770303 -0.003551 0.147064
1724138706.931140 -0.005217 0.727913 0.415609 0.633410 0.763242 0.004729 0.127401
1724138706.964426 -0.011757 0.730989 0.409860 0.643822 0.758218 0.020301 0.100928
1724138706.997707 -0.016908 0.733198 0.404432 0.649142 0.756360 0.039449 0.070551
1724138707.031012 -0.020940 0.734311 0.399852 0.650583 0.755928 0.062438 0.037639
1724138707.064317 -0.024422 0.734900 0.395175 0.649743 0.754837 0.089731 0.001722
1724138707.097632 -0.027788 0.732535 0.391495 0.646820 0.752674 0.117882 -0.034791
1724138707.130975 -0.029074 0.730208 0.389051 0.644091 0.747422 0.146165 -0.071711
1724138707.197672 -0.031926 0.722407 0.383823 0.633234 0.729707 0.213209 -0.145208
1724138707.231035 -0.031671 0.713915 0.382230 0.626423 0.719269 0.243683 -0.175682
1724138707.264398 -0.030628 0.703296 0.379871 0.617321 0.712726 0.267886 -0.197923
1724138707.297771 -0.028550 0.691928 0.377990 0.608611 0.705884 0.288213 -0.219668
1724138707.331134 -0.026287 0.679414 0.376062 0.600928 0.699776 0.305351 -0.236558
1724138707.431261 -0.016014 0.636242 0.367498 0.583410 0.687465 0.349276 -0.255013
1724138707.464634 -0.011969 0.619682 0.362488 0.582041 0.687589 0.358121 -0.245355
1724138707.498016 -0.008310 0.602827 0.356828 0.583811 0.685953 0.366912 -0.232398
1724138707.531399 -0.004244 0.586099 0.350581 0.591938 0.683181 0.370752 -0.213111
1724138707.664937 0.004527 0.484965 0.317884 0.700065 0.655002 0.278086 -0.059582
1724138707.698330 0.003375 0.460723 0.312290 0.724283 0.640384 0.253902 -0.029270
1724138707.731712 0.001546 0.436998 0.306816 0.743570 0.626379 0.233979 -0.002691
1724138707.765094 -0.000779 0.411545 0.301914 0.763202 0.612465 0.203799 0.029586
1724138707.798467 -0.005120 0.385974 0.297147 0.781229 0.597837 0.166618 0.067158
1724138707.831830 -0.009405 0.361305 0.293275 0.795020 0.583297 0.133408 0.099549
1724138707.865202 -0.014587 0.337019 0.290841 0.808590 0.564632 0.097032 0.134008
1724138707.898556 -0.019735 0.314265 0.290516 0.819179 0.545065 0.058291 0.168680
1724138707.931909 -0.024601 0.293176 0.291531 0.825056 0.526803 0.022913 0.203067
1724138707.965253 -0.028389 0.275499 0.293863 0.830253 0.507693 -0.001324 0.230058
1724138707.998583 -0.030787 0.261956 0.295458 0.833184 0.492912 -0.014742 0.250248
1724138708.031898 -0.031620 0.250916 0.295481 0.833146 0.487883 -0.014545 0.260050
1724138708.065222 -0.030511 0.243474 0.293683 0.832950 0.489993 0.001790 0.257096
1724138708.098546 -0.027765 0.239468 0.289921 0.831968 0.499250 0.035440 0.239421
1724138708.131880 -0.022866 0.239770 0.285540 0.828349 0.512674 0.084758 0.209333
1724138708.165234 -0.018201 0.243977 0.282409 0.822119 0.523453 0.136406 0.177511
1724138708.198606 -0.014303 0.248520 0.281144 0.815702 0.530225 0.175347 0.150817
1724138708.231989 -0.010976 0.253321 0.280828 0.810821 0.533788 0.202971 0.128227
1724138708.265390 -0.007147 0.260865 0.281704 0.804839 0.537961 0.229329 0.101197
1724138708.298792 -0.002372 0.273240 0.284542 0.792848 0.546781 0.261129 0.065069
1724138708.332194 0.002890 0.289232 0.289878 0.777584 0.555416 0.293590 0.026097
1724138708.365595 0.009089 0.308067 0.296949 0.761526 0.562734 0.321365 -0.011534
1724138708.398978 0.015565 0.329828 0.305047 0.741209 0.569283 0.352017 -0.051085
1724138708.432369 0.022317 0.353353 0.314932 0.719938 0.573884 0.379878 -0.089665
1724138708.465742 0.029355 0.378007 0.325881 0.697244 0.576883 0.405979 -0.127433
1724138708.499115 0.036297 0.402778 0.337421 0.674078 0.578588 0.429336 -0.162869
1724138708.532478 0.043050 0.428632 0.349792 0.650170 0.579550 0.450922 -0.195117
1724138708.565841 0.050296 0.452813 0.361955 0.626853 0.583105 0.466505 -0.222298
1724138708.599185 0.057431 0.475701 0.372642 0.609509 0.586891 0.474852 -0.242017
1724138708.632538 0.064657 0.497828 0.382891 0.599795 0.588610 0.477225 -0.256984
1724138708.665872 0.071977 0.518873 0.392899 0.592454 0.591246 0.476113 -0.269708
1724138708.699216 0.079357 0.538022 0.401523 0.594509 0.594382 0.466099 -0.275719
1724138708.732549 0.086926 0.553431 0.407404 0.606702 0.601917 0.442539 -0.271602
1724138708.765883 0.094250 0.565636 0.409977 0.628362 0.613748 0.405433 -0.253177
1724138708.799208 0.101379 0.573032 0.410466 0.654544 0.627595 0.357114 -0.223981
1724138708.832532 0.109233 0.577596 0.410792 0.674339 0.640934 0.311311 -0.193792
1724138708.865857 0.117513 0.580068 0.411002 0.688671 0.653086 0.270120 -0.162007
1724138708.899171 0.125362 0.581166 0.412084 0.698986 0.662309 0.234473 -0.133373
1724138708.932486 0.133691 0.580951 0.414164 0.707118 0.668545 0.202665 -0.109352
1724138708.965791 0.141965 0.577830 0.416603 0.716113 0.671768 0.169140 -0.085448
1724138708.999090 0.149883 0.571477 0.419021 0.726956 0.671994 0.129603 -0.056231
1724138709.032395 0.157779 0.561366 0.421178 0.734797 0.672169 0.088173 -0.022087
1724138709.065690 0.166370 0.549153 0.422661 0.738361 0.672343 0.051443 0.011521
1724138709.098986 0.174306 0.534555 0.423675 0.742142 0.668557 0.014694 0.045175
1724138709.132271 0.181154 0.518977 0.425165 0.746386 0.660579 -0.023838 0.077305
1724138709.165567 0.188031 0.502424 0.426508 0.749244 0.651804 -0.056785 0.102761
1724138709.198843 0.194781 0.485729 0.426469 0.753084 0.640289 -0.083936 0.125891
1724138709.232109 0.201124 0.469618 0.425710 0.758757 0.626124 -0.105122 0.145623
1724138709.265385 0.207874 0.452791 0.424776 0.760809 0.616295 -0.123055 0.161887
1724138709.298661 0.214590 0.435923 0.423796 0.761881 0.607949 -0.139094 0.174894
1724138709.331937 0.221118 0.421049 0.422369 0.762317 0.604804 -0.147314 0.177155
1724138709.365203 0.227425 0.408026 0.421129 0.758697 0.608322 -0.154373 0.174620
1724138709.398489 0.232986 0.397373 0.420036 0.754774 0.614429 -0.156746 0.168003
1724138709.431765 0.238416 0.391177 0.416962 0.755329 0.624720 -0.138109 0.141877
1724138709.465041 0.242003 0.389580 0.414184 0.757106 0.634666 -0.111754 0.107243
1724138709.498327 0.243150 0.391174 0.413451 0.761400 0.638399 -0.086814 0.071966
1724138709.531612 0.243523 0.394436 0.415074 0.767095 0.635778 -0.072199 0.046246
1724138709.564917 0.243559 0.400621 0.417515 0.772262 0.632550 -0.054827 0.022031
1724138709.598222 0.243408 0.409912 0.421249 0.774647 0.631658 -0.029661 -0.007168
1724138709.631527 0.243843 0.420623 0.427241 0.770396 0.636162 0.001266 -0.042253
1724138709.664852 0.243836 0.432209 0.435421 0.761495 0.641491 0.040717 -0.083405
1724138709.698176 0.243869 0.445804 0.445575 0.747400 0.646143 0.085296 -0.128906
1724138709.731500 0.244338 0.459375 0.457608 0.731547 0.652085 0.116016 -0.161755
1724138709.764834 0.243461 0.471657 0.467997 0.719374 0.657692 0.133514 -0.179211
1724138709.798178 0.243324 0.489174 0.477546 0.704551 0.661810 0.158906 -0.200909
1724138709.831512 0.243321 0.509812 0.487055 0.690223 0.665681 0.182365 -0.217264
1724138709.864856 0.243510 0.531679 0.495628 0.684386 0.668686 0.191982 -0.218216
1724138709.898199 0.243618 0.556911 0.503679 0.680869 0.669951 0.201006 -0.217211
1724138709.931543 0.242283 0.585166 0.512307 0.674143 0.669995 0.216826 -0.222764
1724138709.964896 0.240972 0.616073 0.521529 0.665202 0.670574 0.233927 -0.230468
1724138709.998255 0.238568 0.645168 0.530070 0.656262 0.674128 0.246295 -0.232833
1724138710.031609 0.236556 0.672647 0.538074 0.643857 0.679982 0.259780 -0.235768
1724138710.064962 0.234561 0.701477 0.545240 0.626137 0.687683 0.277733 -0.240642
1724138710.098315 0.232150 0.725792 0.552459 0.610455 0.693681 0.294139 -0.244200
1724138710.431800 0.213250 0.749585 0.539334 0.615644 0.702360 0.263528 -0.241299
1724138710.465144 0.214951 0.728292 0.527486 0.636515 0.698279 0.239332 -0.223551
1724138710.498478 0.216954 0.702888 0.515383 0.656653 0.692647 0.215969 -0.205922
1724138710.531812 0.217860 0.675338 0.503736 0.674026 0.686994 0.193824 -0.190160
1724138710.565136 0.218779 0.646261 0.492830 0.689613 0.680981 0.172635 -0.175774
1724138710.598460 0.219065 0.615532 0.482064 0.703266 0.676159 0.150857 -0.159584
1724138710.631785 0.218361 0.583060 0.472374 0.715312 0.672773 0.126250 -0.140589
1724138710.665109 0.217783 0.550244 0.463895 0.723656 0.670481 0.105832 -0.124806
1724138710.698434 0.217305 0.518178 0.455449 0.727633 0.670843 0.090679 -0.110891
1724138710.731748 0.216781 0.486300 0.447360 0.731848 0.671002 0.074259 -0.092951
1724138710.765063 0.216919 0.454824 0.440407 0.735528 0.671000 0.057338 -0.073965
1724138710.798378 0.217390 0.424711 0.434647 0.738462 0.671025 0.041232 -0.051953
1724138710.831683 0.218060 0.398387 0.430085 0.741154 0.669946 0.028172 -0.032715
1724138710.864997 0.218323 0.375387 0.427592 0.742980 0.668975 0.014670 -0.015393
1724138710.898312 0.217906 0.357687 0.427237 0.744435 0.667693 -0.000023 0.001564
1724138710.931617 0.217391 0.347043 0.428411 0.744944 0.666954 -0.010380 0.011105
1724138710.964922 0.216237 0.343157 0.430464 0.744844 0.666919 -0.015014 0.014180
1724138710.998213 0.213998 0.346741 0.432558 0.745699 0.666089 -0.012494 0.010119
1724138711.031509 0.210666 0.356508 0.434825 0.744272 0.667864 0.000476 -0.004115
1724138711.064814 0.205593 0.369444 0.436938 0.738553 0.673684 0.018461 -0.018684
1724138711.098119 0.198521 0.383285 0.438774 0.731094 0.680769 0.035886 -0.027714
1724138711.131424 0.189544 0.397219 0.439631 0.722943 0.687910 0.055857 -0.031821
1724138711.164738 0.178102 0.410436 0.440310 0.716604 0.692669 0.074970 -0.032681
1724138711.198053 0.163822 0.422026 0.440891 0.715071 0.692723 0.088240 -0.031975
1724138711.231387 0.147001 0.431149 0.441384 0.717491 0.689595 0.093562 -0.030180
1724138711.264711 0.128089 0.437418 0.441322 0.720509 0.686986 0.091142 -0.024691
1724138711.298026 0.108023 0.442161 0.440610 0.725341 0.682800 0.086018 -0.016260
1724138711.331350 0.086523 0.446235 0.439167 0.729589 0.679012 0.080834 -0.010397
1724138711.364665 0.064656 0.449955 0.437040 0.732256 0.676579 0.077431 -0.006814
1724138711.397989 0.043007 0.453728 0.434326 0.732653 0.676073 0.078142 -0.006265
1724138711.431304 0.022395 0.457982 0.431209 0.734269 0.673963 0.081222 -0.005064
1724138711.464619 0.002866 0.462236 0.427823 0.738668 0.668807 0.084059 -0.000395
1724138711.497924 -0.015727 0.465345 0.424598 0.742885 0.664100 0.083565 0.010510
1724138711.531229 -0.033139 0.467482 0.421847 0.746261 0.660237 0.080986 0.024936
1724138711.564534 -0.049009 0.470485 0.419620 0.749402 0.656219 0.080926 0.034990
1724138711.597839 -0.063031 0.474044 0.418356 0.750331 0.654879 0.082567 0.036320
1724138711.631134 -0.075051 0.477018 0.417662 0.750263 0.655121 0.082292 0.033902
1724138711.664430 -0.084534 0.479676 0.417403 0.751631 0.654115 0.078410 0.032175
1724138711.697715 -0.091077 0.481747 0.417934 0.754005 0.652402 0.070612 0.029372
1724138711.731011 -0.094379 0.483682 0.418895 0.755613 0.651816 0.060410 0.023144
1724138711.764296 -0.094149 0.485156 0.420135 0.754651 0.654116 0.049358 0.014047
1724138711.797582 -0.089779 0.486690 0.421012 0.750715 0.659360 0.040663 0.004143
1724138711.830887 -0.081494 0.487975 0.421632 0.744275 0.666993 0.033568 -0.006926
1724138711.864201 -0.069602 0.488393 0.422753 0.736804 0.675400 0.024197 -0.019210
1724138711.897535 -0.054575 0.487483 0.423443 0.727836 0.685078 0.012660 -0.027605
1724138711.930869 -0.037356 0.485864 0.423521 0.718916 0.694238 0.000910 -0.034548
1724138711.964203 -0.018343 0.484255 0.424074 0.712266 0.700382 -0.011223 -0.044896
1724138711.997534 0.002284 0.482902 0.424837 0.707990 0.703552 -0.022362 -0.057137
1724138712.030868 0.024840 0.480954 0.426795 0.703279 0.706778 -0.039512 -0.065590
1724138712.064202 0.048702 0.480122 0.429396 0.701072 0.707219 -0.052917 -0.074422
1724138712.097536 0.073009 0.480074 0.432201 0.700849 0.705658 -0.063262 -0.082800
1724138712.130870 0.098421 0.480927 0.435738 0.701602 0.703181 -0.072889 -0.089319
1724138712.164204 0.124128 0.482963 0.439271 0.704710 0.698959 -0.079610 -0.092207
1724138712.197538 0.150208 0.486114 0.442721 0.707813 0.695025 -0.080933 -0.096906
1724138712.230872 0.176756 0.489932 0.445622 0.710137 0.692691 -0.076367 -0.100265
1724138712.264206 0.203476 0.493391 0.448622 0.710828 0.692845 -0.073276 -0.096538
1724138712.297549 0.229622 0.497440 0.452092 0.711224 0.693334 -0.069773 -0.092632
1724138712.330883 0.256131 0.501548 0.454820 0.709722 0.696127 -0.063605 -0.087506
1724138712.364217 0.281896 0.505760 0.457253 0.707424 0.699902 -0.055266 -0.081454
1724138712.397561 0.306654 0.510533 0.459417 0.706067 0.702537 -0.043165 -0.077769
1724138712.430905 0.330491 0.515740 0.461491 0.704015 0.705424 -0.027878 -0.077223
1724138712.464258 0.352289 0.520149 0.463541 0.703096 0.707016 -0.014140 -0.074728
1724138712.497611 0.372275 0.524011 0.465825 0.704474 0.706081 -0.003393 -0.071790
1724138712.530974 0.390651 0.527020 0.468101 0.707188 0.703411 0.008200 -0.070930
1724138712.564337 0.407411 0.528652 0.470302 0.710706 0.700080 0.016540 -0.067170
1724138712.597710 0.422891 0.529231 0.472309 0.712460 0.698254 0.025360 -0.064804
1724138712.631083 0.436948 0.528836 0.474264 0.715007 0.695598 0.033249 -0.061666
1724138712.664464 0.449730 0.527566 0.476366 0.719742 0.690984 0.037176 -0.055949
1724138712.697847 0.460646 0.525609 0.478247 0.723630 0.687314 0.039892 -0.048645
1724138712.731228 0.468616 0.523181 0.479926 0.727330 0.683734 0.042533 -0.041102
1724138712.764601 0.473938 0.521056 0.481130 0.731063 0.679947 0.045339 -0.034122
1724138712.797993 0.477178 0.519720 0.481368 0.733317 0.677432 0.050603 -0.027774
1724138712.831385 0.477986 0.519615 0.480721 0.734182 0.676003 0.059219 -0.022129
1724138712.864767 0.476396 0.520485 0.479457 0.734136 0.674995 0.071398 -0.018102
1724138712.898159 0.472766 0.521388 0.477511 0.733000 0.675010 0.083266 -0.011806
1724138712.931542 0.466894 0.521516 0.475125 0.731609 0.675854 0.089273 0.000577
1724138712.964924 0.457805 0.520955 0.472543 0.729907 0.677132 0.091662 0.018080
1724138712.998313 0.446078 0.520750 0.469600 0.728530 0.677722 0.093998 0.033192
1724138713.031695 0.431889 0.520621 0.466951 0.726624 0.678662 0.097476 0.043970
1724138713.065078 0.414692 0.519659 0.465534 0.724469 0.680177 0.096570 0.056371
1724138713.098460 0.394287 0.518808 0.464856 0.722478 0.681715 0.093890 0.066903
1724138713.131833 0.371679 0.518475 0.465148 0.721155 0.682829 0.091903 0.072354
1724138713.165196 0.346915 0.519182 0.466083 0.720753 0.683456 0.090871 0.071730
1724138713.198549 0.320227 0.520036 0.467667 0.720069 0.684822 0.089281 0.067448
1724138713.231893 0.292495 0.520419 0.470290 0.719782 0.686196 0.084805 0.062104
1724138713.265227 0.263732 0.520716 0.473166 0.721078 0.686132 0.077912 0.056558
1724138713.298551 0.235613 0.520613 0.475637 0.723443 0.684586 0.071434 0.053568
1724138713.331866 0.208283 0.520406 0.477720 0.725835 0.682761 0.064573 0.053215
1724138713.365170 0.181624 0.520428 0.479344 0.729007 0.679989 0.057893 0.053030
1724138713.398476 0.156163 0.521207 0.480520 0.733383 0.675665 0.052245 0.053826
1724138713.431781 0.131796 0.522880 0.481568 0.740085 0.668614 0.046970 0.054976
1724138713.465076 0.108249 0.526140 0.482120 0.747323 0.661041 0.043467 0.051408
1724138713.498362 0.085952 0.530318 0.482529 0.754629 0.653396 0.040313 0.044540
1724138713.531657 0.065428 0.534731 0.482408 0.760673 0.646955 0.037733 0.037440
1724138713.564952 0.046500 0.538836 0.481744 0.766323 0.640670 0.036059 0.031468
1724138713.598257 0.029400 0.542675 0.480329 0.770800 0.635596 0.033774 0.027281
1724138713.631552 0.014121 0.545996 0.478269 0.774230 0.631696 0.030727 0.024158
1724138713.664847 0.000914 0.548686 0.476233 0.777496 0.627975 0.026298 0.021346
1724138713.698142 -0.010138 0.551411 0.473980 0.780196 0.624887 0.022285 0.017730
1724138713.731438 -0.019160 0.553902 0.471381 0.781834 0.623071 0.019249 0.012138
1724138713.764733 -0.025605 0.556324 0.468684 0.782702 0.622143 0.016729 0.006070
1724138713.798028 -0.029282 0.558323 0.465890 0.782980 0.621836 0.016105 0.001610
1724138713.831323 -0.029890 0.559608 0.463232 0.782402 0.622597 0.014815 -0.000988
1724138713.864619 -0.027616 0.560497 0.460394 0.781016 0.624317 0.014279 -0.006182
1724138713.897914 -0.022222 0.561282 0.457284 0.778781 0.627000 0.015284 -0.011736
1724138713.931210 -0.013964 0.561515 0.454618 0.776644 0.629502 0.016514 -0.016692
1724138713.964515 -0.002774 0.561466 0.451951 0.773968 0.632549 0.018621 -0.022525
1724138713.997827 0.010849 0.560825 0.449602 0.770702 0.636398 0.018673 -0.025838
1724138714.031141 0.027175 0.560296 0.448036 0.767334 0.640311 0.018823 -0.029073
1724138714.064456 0.045758 0.561003 0.447140 0.763379 0.644528 0.023714 -0.035685
1724138714.097780 0.065874 0.562396 0.446011 0.759243 0.648851 0.029852 -0.040641
1724138714.131114 0.087713 0.564139 0.445172 0.755127 0.652985 0.036431 -0.045456
1724138714.164448 0.110776 0.566987 0.444543 0.751311 0.656102 0.046645 -0.053719
1724138714.197792 0.134823 0.569818 0.443957 0.746633 0.659926 0.057912 -0.060687
1724138714.231145 0.159836 0.572238 0.443061 0.740995 0.664523 0.070581 -0.065984
1724138714.264508 0.185224 0.574184 0.442350 0.736061 0.667991 0.082933 -0.071588
1724138714.297871 0.211187 0.575042 0.441923 0.730003 0.673005 0.093782 -0.073253
1724138714.331234 0.237217 0.575697 0.441248 0.724651 0.677245 0.105137 -0.071873
1724138714.364607 0.262026 0.575902 0.441187 0.720650 0.679499 0.117254 -0.072084
1724138714.397989 0.286645 0.575321 0.441600 0.716185 0.682737 0.126068 -0.071108
1724138714.431362 0.309757 0.574572 0.442379 0.712073 0.685039 0.136259 -0.071467
1724138714.464754 0.332049 0.573755 0.443628 0.706936 0.687489 0.148917 -0.073648
1724138714.498136 0.353240 0.571532 0.445177 0.701681 0.691293 0.156959 -0.071562
1724138714.531528 0.373081 0.568364 0.446787 0.697670 0.694513 0.162311 -0.067558
1724138714.564909 0.390882 0.563604 0.448496 0.695227 0.697372 0.163712 -0.059415
1724138714.598301 0.407131 0.558218 0.450388 0.693230 0.700077 0.163168 -0.051969
1724138714.631703 0.421622 0.552108 0.452402 0.690116 0.704212 0.160898 -0.044015
1724138714.665085 0.434488 0.545842 0.454276 0.688800 0.706849 0.157161 -0.034908
1724138714.698487 0.444957 0.539051 0.456209 0.689853 0.707659 0.150870 -0.023651
1724138714.731879 0.453318 0.533031 0.457943 0.691708 0.707662 0.143507 -0.012628
1724138714.765271 0.459021 0.528174 0.459322 0.694730 0.706107 0.136938 -0.003278
1724138714.798653 0.462240 0.524793 0.460501 0.698463 0.703311 0.132279 0.002331
1724138714.832045 0.463097 0.522895 0.461057 0.702601 0.699905 0.128291 0.005170
1724138714.865418 0.460626 0.522612 0.460908 0.707341 0.695570 0.125760 0.005956
1724138714.898791 0.455315 0.523841 0.459928 0.712744 0.689962 0.126210 0.004403
1724138714.932154 0.447569 0.525740 0.457673 0.717454 0.684743 0.127894 0.005376
1724138714.965517 0.437692 0.527027 0.454437 0.720312 0.681698 0.127754 0.010844
1724138714.998877 0.424794 0.528340 0.450829 0.721704 0.680225 0.127070 0.017042
1724138715.032230 0.408894 0.529642 0.447215 0.721995 0.679715 0.127415 0.021813
1724138715.065583 0.391367 0.530720 0.443951 0.721173 0.680818 0.125470 0.025581
1724138715.098927 0.370432 0.531121 0.442066 0.722126 0.681251 0.116348 0.029902
1724138715.132271 0.347727 0.531662 0.441054 0.723654 0.681387 0.104320 0.033970
1724138715.165605 0.325144 0.533232 0.440969 0.726589 0.680037 0.090131 0.038663
1724138715.198939 0.301460 0.535047 0.443103 0.733028 0.675282 0.067355 0.046118
1724138715.232253 0.277649 0.538162 0.446917 0.739191 0.669712 0.038841 0.059781
1724138715.265568 0.254944 0.543803 0.451290 0.742953 0.665236 0.013016 0.072880
1724138715.298863 0.234182 0.553214 0.455744 0.746431 0.660556 -0.006494 0.080401
1724138715.332159 0.215176 0.565979 0.460679 0.749293 0.656452 -0.023847 0.084031
1724138715.365454 0.198191 0.580843 0.466442 0.751660 0.651070 -0.045622 0.095051
1724138715.398730 0.183491 0.597043 0.472959 0.754624 0.642658 -0.070317 0.112203
1724138715.432006 0.171020 0.615843 0.478076 0.754764 0.639981 -0.083125 0.117668
1724138715.465282 0.160638 0.636934 0.482417 0.754014 0.641059 -0.085992 0.114509
1724138715.498548 0.152225 0.658939 0.486279 0.751824 0.644759 -0.084556 0.109073
1724138715.531813 0.145654 0.680986 0.489624 0.749658 0.649071 -0.079920 0.101652
1724138715.565099 0.140682 0.703045 0.491540 0.747037 0.654906 -0.068523 0.091314
1724138715.598375 0.136881 0.723849 0.493203 0.743497 0.661565 -0.053789 0.081554
1724138715.631661 0.133929 0.742364 0.495135 0.740239 0.666866 -0.040714 0.075355
1724138715.664956 0.131110 0.758661 0.496579 0.737476 0.670656 -0.027340 0.074843
1724138715.698252 0.128413 0.772275 0.498367 0.736251 0.672267 -0.014737 0.075982
1724138715.731566 0.125237 0.783350 0.500157 0.738040 0.670522 -0.008138 0.075042
1724138715.764881 0.122536 0.792182 0.501382 0.740766 0.667640 -0.005188 0.074134
1724138715.798196 0.120291 0.798612 0.502163 0.744038 0.664077 -0.002629 0.073505
1724138715.831520 0.118730 0.802343 0.502985 0.746928 0.661156 -0.000647 0.070500
1724138715.864844 0.117633 0.803337 0.503417 0.748861 0.659334 0.001268 0.066969
1724138715.898169 0.117668 0.801258 0.503817 0.748369 0.660339 0.005078 0.062215
1724138715.931503 0.118141 0.795932 0.504048 0.746638 0.662645 0.009120 0.057879
1724138715.964837 0.119481 0.787965 0.504302 0.744604 0.665436 0.014175 0.050579
1724138715.998168 0.121757 0.777261 0.504234 0.740651 0.670426 0.021488 0.038770
1724138716.031502 0.124752 0.764155 0.503613 0.735525 0.676413 0.030377 0.023349
1724138716.064836 0.128321 0.748385 0.502411 0.731742 0.680457 0.037498 0.011253
1724138716.098170 0.132481 0.730261 0.500585 0.727300 0.684830 0.045074 -0.003152
1724138716.131504 0.137666 0.709432 0.498126 0.723535 0.688093 0.052396 -0.016742
1724138716.164847 0.143037 0.686257 0.494598 0.723189 0.688137 0.055548 -0.019495
1724138716.198181 0.148357 0.660760 0.490868 0.721654 0.689608 0.056352 -0.021919
1724138716.231515 0.154017 0.633569 0.486597 0.719333 0.692130 0.055401 -0.021139
1724138716.264849 0.159848 0.605606 0.482336 0.719896 0.691912 0.052345 -0.016336
1724138716.298183 0.165316 0.578156 0.478258 0.721127 0.690869 0.049720 -0.014271
1724138716.331517 0.170249 0.551158 0.475494 0.720943 0.691244 0.047085 -0.014346
1724138716.364851 0.173444 0.524788 0.476323 0.721363 0.691463 0.036356 -0.013860
1724138716.398185 0.175290 0.501039 0.481520 0.722774 0.690453 0.022563 -0.019058
1724138716.431509 0.176363 0.480405 0.490826 0.720748 0.692387 0.010385 -0.031850
1724138716.464834 0.176951 0.463207 0.504008 0.720930 0.691551 -0.003248 -0.044794
1724138716.498148 0.177539 0.450328 0.519328 0.724931 0.686306 -0.013281 -0.057284
1724138716.531452 0.179047 0.440756 0.535719 0.729514 0.680246 -0.017894 -0.068950
1724138716.564758 0.181592 0.434540 0.551885 0.737488 0.670970 -0.016079 -0.075180
1724138716.598043 0.185087 0.430390 0.567324 0.745649 0.661999 -0.008997 -0.075396
1724138716.631348 0.188959 0.426691 0.583280 0.750094 0.657286 -0.000046 -0.073033
1724138716.664653 0.193491 0.423201 0.599279 0.753378 0.654646 0.008526 -0.061543
1724138716.697968 0.197374 0.420717 0.615807 0.756749 0.651834 0.016169 -0.046708
1724138716.731282 0.200019 0.419157 0.632621 0.759223 0.649469 0.025002 -0.033856
1724138716.764607 0.201950 0.418546 0.648482 0.760630 0.647853 0.035687 -0.021330
1724138716.797932 0.202753 0.417796 0.663847 0.760451 0.647716 0.045232 -0.011508
1724138716.831256 0.202979 0.416576 0.678182 0.759327 0.648758 0.050298 -0.002211
1724138716.864590 0.203534 0.415094 0.689972 0.757094 0.650831 0.056229 0.008150
1724138716.897924 0.204064 0.413604 0.699315 0.755542 0.651914 0.061263 0.020291
1724138716.931258 0.204158 0.412799 0.707021 0.754870 0.652020 0.064013 0.030699
1724138716.964602 0.204092 0.412716 0.712539 0.754030 0.652284 0.066117 0.039904
1724138716.997933 0.203422 0.414401 0.715701 0.752860 0.652940 0.068724 0.046351
1724138717.031267 0.202808 0.417243 0.716600 0.752702 0.652592 0.069311 0.052520
1724138717.064601 0.202890 0.421926 0.714964 0.751876 0.653087 0.071821 0.054781
1724138717.097935 0.203218 0.428445 0.710678 0.749175 0.655823 0.076713 0.052425
1724138717.131288 0.203391 0.436189 0.703924 0.749376 0.655342 0.079676 0.051133
1724138717.164631 0.202674 0.445876 0.695306 0.749259 0.655562 0.082693 0.044847
1724138717.197985 0.201671 0.456224 0.684743 0.746703 0.658505 0.087155 0.034791
1724138717.231338 0.200459 0.465924 0.671778 0.745076 0.660439 0.088083 0.030390
1724138717.264682 0.198348 0.474196 0.657354 0.745106 0.661189 0.081231 0.032373
1724138717.298035 0.196026 0.481671 0.641438 0.744380 0.663022 0.071902 0.033622
1724138717.331378 0.194166 0.489499 0.623406 0.741887 0.666569 0.064845 0.032927
1724138717.364712 0.192556 0.496702 0.604077 0.736640 0.673138 0.058837 0.028001
1724138717.398046 0.191910 0.502640 0.584075 0.731462 0.679712 0.048689 0.024169
1724138717.431381 0.191335 0.507456 0.563050 0.727892 0.684412 0.035039 0.022924
1724138717.464714 0.190493 0.512236 0.541442 0.724629 0.688552 0.021794 0.018271
1724138717.498048 0.189702 0.517294 0.520218 0.720123 0.693711 0.010892 0.008329
1724138717.531372 0.188030 0.522912 0.499624 0.719067 0.694938 0.000937 -0.001842
1724138717.564706 0.185999 0.528486 0.480239 0.717004 0.696818 -0.007334 -0.017210
1724138717.598040 0.185214 0.532806 0.462066 0.713016 0.700281 -0.014478 -0.031694
1724138717.631374 0.184665 0.537269 0.445075 0.714663 0.698037 -0.019683 -0.040170
1724138717.664708 0.183844 0.541126 0.430024 0.715955 0.696076 -0.024345 -0.047903
1724138717.698052 0.183072 0.544712 0.417207 0.718713 0.692498 -0.027037 -0.056289
1724138717.731386 0.182368 0.547780 0.406789 0.722998 0.687310 -0.029287 -0.063409
1724138717.764720 0.181569 0.549537 0.398457 0.727142 0.682703 -0.034219 -0.063329
1724138717.798063 0.180665 0.551191 0.391900 0.731246 0.678189 -0.036057 -0.063550
1724138717.831417 0.179905 0.552624 0.387203 0.734829 0.674348 -0.035001 -0.063685
1724138717.864760 0.179041 0.553687 0.384795 0.737470 0.671590 -0.033508 -0.063096
1724138717.898114 0.177471 0.554208 0.384952 0.739290 0.669655 -0.032010 -0.063147
1724138717.931456 0.175690 0.553964 0.387829 0.740443 0.668473 -0.031140 -0.062598
1724138717.964810 0.173891 0.552955 0.392905 0.740107 0.669050 -0.029675 -0.061094
1724138717.998160 0.171728 0.550675 0.400385 0.740032 0.669577 -0.029969 -0.055865
1724138718.031504 0.169046 0.546882 0.410332 0.740534 0.669714 -0.034280 -0.043792
1724138718.064847 0.165899 0.542688 0.422664 0.741264 0.669386 -0.038035 -0.031685
1724138718.098191 0.163211 0.539120 0.436955 0.743012 0.667697 -0.037154 -0.027087
1724138718.131515 0.161119 0.535734 0.452261 0.743757 0.667149 -0.033397 -0.024944
1724138718.164849 0.159191 0.531658 0.468891 0.742785 0.668446 -0.029109 -0.024549
1724138718.198183 0.157487 0.527644 0.486435 0.742127 0.669365 -0.023209 -0.025665
1724138718.231508 0.156254 0.523435 0.504565 0.740587 0.671155 -0.014029 -0.029759
1724138718.264822 0.155215 0.518316 0.523546 0.739617 0.672109 -0.007815 -0.034270
1724138718.298147 0.154917 0.512057 0.543217 0.739683 0.671899 -0.004871 -0.037366
1724138718.331461 0.155354 0.504474 0.562949 0.738989 0.672569 -0.001854 -0.039278
1724138718.364785 0.156390 0.496677 0.581936 0.740841 0.670589 0.003002 -0.038151
1724138718.398091 0.158475 0.489002 0.599831 0.745589 0.665553 0.009823 -0.032253
1724138718.431395 0.161709 0.480840 0.616697 0.751009 0.659665 0.018434 -0.022082
1724138718.464709 0.166509 0.472816 0.631996 0.755847 0.653940 0.031439 -0.008315
1724138718.498034 0.172330 0.464564 0.646334 0.758308 0.650141 0.047023 0.008673
1724138718.531368 0.178314 0.456006 0.660572 0.759426 0.647292 0.059290 0.027762
1724138718.564711 0.182858 0.448160 0.674736 0.760522 0.644188 0.067611 0.045352
1724138718.598064 0.186137 0.441371 0.688430 0.760003 0.643030 0.074775 0.057592
1724138718.631418 0.188107 0.435701 0.701501 0.758974 0.642941 0.079074 0.065822
1724138718.664781 0.188914 0.431276 0.712941 0.757834 0.643371 0.082228 0.070710
1724138718.698144 0.189436 0.428714 0.721662 0.755737 0.644920 0.087602 0.072565
1724138718.731507 0.189986 0.427082 0.727492 0.751934 0.648386 0.093183 0.074217
1724138718.764860 0.190798 0.425740 0.730666 0.748680 0.651086 0.097821 0.077439
1724138718.798223 0.191978 0.425413 0.730900 0.746901 0.652207 0.100617 0.081489
1724138718.831577 0.192619 0.425695 0.728447 0.746382 0.652364 0.102529 0.082594
1724138718.864938 0.192276 0.428031 0.723484 0.747249 0.651717 0.101994 0.080502
1724138718.898302 0.191275 0.431862 0.716621 0.748029 0.652012 0.102047 0.070142
1724138718.931655 0.189726 0.437606 0.707502 0.747534 0.653754 0.104232 0.054166
1724138718.965008 0.188327 0.443883 0.696470 0.747063 0.655358 0.104973 0.037189
1724138718.998350 0.186701 0.450437 0.683408 0.746335 0.657097 0.103983 0.019874
1724138719.031694 0.186008 0.457465 0.668044 0.743662 0.659969 0.106805 0.000568
1724138719.065028 0.185227 0.465957 0.650414 0.738459 0.663781 0.116352 -0.023139
1724138719.098362 0.184023 0.474264 0.632090 0.733731 0.666833 0.122004 -0.045702
1724138719.131696 0.182511 0.480902 0.613030 0.730710 0.668850 0.121470 -0.062830
1724138719.165030 0.181242 0.488057 0.592991 0.725298 0.671557 0.127029 -0.082573
1724138719.198364 0.180299 0.497441 0.572266 0.717655 0.672932 0.143908 -0.106888
1724138719.231698 0.178835 0.505520 0.551879 0.713896 0.672252 0.153078 -0.122459
1724138719.265041 0.177004 0.511610 0.532569 0.710293 0.673568 0.153975 -0.134469
1724138719.298375 0.175892 0.516999 0.513979 0.705647 0.675748 0.155693 -0.145555
1724138719.331719 0.174985 0.523120 0.495391 0.704128 0.674941 0.158997 -0.152899
1724138719.365062 0.174472 0.528806 0.478520 0.700757 0.674729 0.163663 -0.163999
1724138719.398406 0.174035 0.533707 0.462597 0.699121 0.673760 0.167896 -0.170554
1724138719.431749 0.174925 0.538065 0.448080 0.698614 0.672609 0.171359 -0.173702
1724138719.465093 0.176589 0.541872 0.434966 0.696597 0.672236 0.178991 -0.175539
1724138719.498446 0.178188 0.545367 0.422873 0.700555 0.667804 0.185378 -0.169988
1724138719.531799 0.179149 0.548039 0.413749 0.704221 0.663158 0.190227 -0.167652
1724138719.565162 0.179706 0.548926 0.407443 0.707474 0.659688 0.191711 -0.165950
1724138719.598535 0.180154 0.549033 0.403148 0.710501 0.656965 0.192472 -0.162912
1724138719.631898 0.180318 0.548551 0.401637 0.711328 0.655580 0.194365 -0.162632
1724138719.665261 0.179894 0.546776 0.402846 0.711938 0.655354 0.193563 -0.161829
1724138719.698624 0.179050 0.544264 0.406863 0.712854 0.655667 0.190258 -0.160443
1724138719.731987 0.177991 0.540989 0.413175 0.713856 0.656141 0.186770 -0.158132
1724138719.765350 0.176902 0.537006 0.421601 0.715367 0.656494 0.182571 -0.154701
1724138719.798703 0.175009 0.532091 0.432334 0.718625 0.655884 0.174281 -0.151727
1724138719.832046 0.172575 0.525895 0.445094 0.720831 0.656547 0.163713 -0.150155
1724138719.865390 0.170185 0.519199 0.459078 0.724027 0.656994 0.151990 -0.145059
1724138719.898724 0.167487 0.512303 0.474631 0.725669 0.657789 0.142730 -0.142642
1724138719.932048 0.165122 0.505062 0.491843 0.725488 0.659113 0.134973 -0.144981
1724138719.965372 0.163471 0.496758 0.509343 0.725195 0.661450 0.125504 -0.144306
1724138719.998685 0.162624 0.487061 0.526610 0.724684 0.665155 0.114461 -0.138931
1724138720.032000 0.161892 0.476805 0.544411 0.724036 0.668723 0.103043 -0.134031
1724138720.065305 0.162312 0.466374 0.561913 0.725542 0.669826 0.093048 -0.127530
1724138720.098609 0.164510 0.456405 0.578558 0.728621 0.669184 0.086334 -0.117691
1724138720.131905 0.167295 0.446329 0.594672 0.731028 0.668703 0.083197 -0.107293
1724138720.165200 0.170338 0.437049 0.609998 0.733150 0.667914 0.084572 -0.096069
1724138720.198496 0.172979 0.428157 0.625098 0.735193 0.666740 0.087435 -0.085463
1724138720.231791 0.174687 0.418985 0.640969 0.737105 0.665905 0.086738 -0.075651
1724138720.265096 0.175418 0.410352 0.656787 0.738412 0.665424 0.086193 -0.067296
1724138720.298401 0.176638 0.402145 0.671839 0.738555 0.665955 0.087610 -0.058007
1724138720.331706 0.177958 0.395254 0.685674 0.739750 0.665065 0.091165 -0.046347
1724138720.365011 0.179675 0.389543 0.698245 0.741935 0.662535 0.097136 -0.033808
1724138720.398324 0.181876 0.384978 0.709481 0.745400 0.658204 0.103824 -0.019153
1724138720.431639 0.184305 0.381798 0.719457 0.747968 0.654254 0.111575 -0.006835
1724138720.464964 0.186049 0.379966 0.727973 0.749424 0.651211 0.119485 0.003198
1724138720.498288 0.187848 0.379578 0.734717 0.751401 0.647636 0.125827 0.011456
1724138720.531632 0.188965 0.379688 0.739330 0.752742 0.645045 0.130555 0.015880
1724138720.564965 0.189463 0.380521 0.741547 0.752629 0.644508 0.133691 0.016924
1724138720.598319 0.190315 0.382047 0.741169 0.750799 0.646346 0.135309 0.015113
1724138720.631663 0.190491 0.384558 0.737697 0.748173 0.649607 0.134571 0.011729
1724138720.665016 0.190506 0.387461 0.731870 0.746481 0.652525 0.130201 0.004942
1724138720.698350 0.189670 0.391799 0.723453 0.744439 0.655819 0.125257 -0.004824
1724138720.731694 0.188798 0.396951 0.712389 0.740820 0.660494 0.121098 -0.016399
1724138720.765028 0.188500 0.402711 0.698903 0.735412 0.666611 0.118100 -0.029189
1724138720.798351 0.188962 0.408642 0.682544 0.729870 0.672056 0.118031 -0.041227
1724138720.831685 0.189895 0.414827 0.663029 0.726239 0.675537 0.117884 -0.048261
1724138720.865009 0.190613 0.420736 0.641057 0.723561 0.677617 0.119836 -0.054164
1724138720.898334 0.190614 0.425918 0.617200 0.723197 0.677286 0.122694 -0.056705
1724138720.931658 0.189936 0.430389 0.592142 0.725030 0.675545 0.122986 -0.053338
1724138720.964992 0.187532 0.434488 0.567411 0.724830 0.676775 0.119949 -0.047006
1724138720.998333 0.183113 0.439500 0.543856 0.724467 0.678636 0.114563 -0.038406
1724138721.031667 0.176851 0.446037 0.522163 0.725101 0.679957 0.105773 -0.026454
1724138721.065011 0.169929 0.454032 0.503231 0.722651 0.684478 0.095302 -0.013523
1724138721.098365 0.162651 0.463444 0.487032 0.715510 0.693504 0.084243 0.000948
1724138721.131708 0.155038 0.474771 0.473101 0.706016 0.704182 0.073269 0.017333
1724138721.165042 0.147389 0.488743 0.461481 0.695170 0.715177 0.066350 0.029299
1724138721.198376 0.139125 0.504830 0.451849 0.686353 0.723708 0.060013 0.039560
1724138721.231710 0.130516 0.522584 0.443920 0.678080 0.731302 0.054403 0.049454
1724138721.265035 0.121815 0.541049 0.437380 0.671669 0.736659 0.047532 0.062720
1724138721.298359 0.112287 0.559766 0.431847 0.666639 0.740319 0.041462 0.076168
1724138721.331674 0.102210 0.578107 0.427354 0.663419 0.741614 0.034281 0.093323
1724138721.364998 0.091617 0.595397 0.424193 0.660952 0.741339 0.025381 0.113642
1724138721.398312 0.080238 0.612389 0.421929 0.658492 0.740795 0.016933 0.131624
1724138721.431636 0.068266 0.629486 0.420089 0.655613 0.740843 0.010962 0.145611
1724138721.464941 0.056285 0.646184 0.418310 0.652360 0.740972 0.007525 0.159151
1724138721.498246 0.044785 0.661810 0.417421 0.649538 0.740167 0.001467 0.173930
1724138721.531561 0.033808 0.676562 0.417655 0.647293 0.738071 -0.007420 0.190281
1724138721.564866 0.023380 0.691023 0.417757 0.643617 0.737402 -0.012586 0.204542
1724138721.598180 0.013905 0.705729 0.416992 0.640314 0.737324 -0.012792 0.214914
1724138721.631485 0.005272 0.720432 0.416044 0.637608 0.737455 -0.010221 0.222514
1724138721.664790 -0.002484 0.733985 0.414884 0.635332 0.737762 -0.006424 0.228078
1724138721.698105 -0.009820 0.746431 0.413058 0.634015 0.737751 -0.003464 0.231813
1724138721.731439 -0.016249 0.758087 0.410377 0.633349 0.738023 0.000624 0.232789
1724138721.764763 -0.021849 0.768426 0.407288 0.631818 0.738677 0.005834 0.234795
1724138721.798096 -0.026473 0.778191 0.403587 0.629855 0.740920 0.014315 0.232627
1724138721.831440 -0.029839 0.787770 0.399158 0.626478 0.746474 0.026986 0.222654
1724138721.864784 -0.032033 0.796444 0.394257 0.620383 0.755538 0.044533 0.205680
1724138721.898127 -0.033265 0.804260 0.388452 0.611258 0.767066 0.068139 0.182564
1724138721.931490 -0.032651 0.810706 0.384702 0.601246 0.777799 0.094032 0.157132
1724138721.964853 -0.031358 0.814286 0.381249 0.591619 0.786137 0.116501 0.135655
1724138721.998224 -0.029485 0.814925 0.378679 0.582541 0.793076 0.136168 0.114607
1724138722.031597 -0.027366 0.814227 0.375663 0.574575 0.797674 0.159344 0.090496
1724138722.064989 -0.024080 0.812229 0.373684 0.567945 0.799934 0.183444 0.062385
1724138722.098371 -0.020384 0.806572 0.372274 0.563492 0.799982 0.202181 0.040353
1724138722.131773 -0.015861 0.798562 0.371905 0.561472 0.798124 0.217335 0.022654
1724138722.165155 -0.010598 0.789319 0.371712 0.559249 0.794953 0.235047 0.006499
1724138722.198547 -0.004661 0.778319 0.371392 0.557534 0.791031 0.251774 -0.005964
1724138722.231929 0.002063 0.765353 0.371559 0.558002 0.786361 0.264651 -0.015206
1724138722.265311 0.008583 0.750974 0.371586 0.560203 0.781234 0.274218 -0.025499
1724138722.298694 0.015164 0.736148 0.372052 0.562868 0.776042 0.281737 -0.039538
1724138722.332067 0.021451 0.721243 0.372704 0.563198 0.771593 0.289710 -0.059322
1724138722.365439 0.028061 0.705754 0.372613 0.564705 0.767000 0.294698 -0.077280
1724138722.398811 0.035893 0.687062 0.372697 0.569092 0.764591 0.289948 -0.086403
1724138722.432174 0.044292 0.667471 0.372679 0.573619 0.763114 0.281720 -0.096193
1724138722.465537 0.053075 0.647396 0.372110 0.576500 0.761756 0.275401 -0.107377
1724138722.498900 0.062984 0.626964 0.371238 0.576977 0.762186 0.269492 -0.116379
1724138722.532253 0.073195 0.606679 0.370385 0.581105 0.759565 0.264079 -0.125059
1724138722.565607 0.084189 0.586851 0.369974 0.589768 0.753301 0.258549 -0.133656
1724138722.598950 0.095472 0.567803 0.369964 0.599156 0.744959 0.255359 -0.144360
1724138722.632294 0.107329 0.548881 0.370675 0.609639 0.735763 0.252084 -0.153125
1724138722.665637 0.119734 0.530046 0.371517 0.620880 0.726948 0.247484 -0.157501
1724138722.698972 0.132802 0.512403 0.372657 0.632441 0.718412 0.241306 -0.160234
1724138722.732315 0.146211 0.495511 0.373523 0.640980 0.711750 0.236894 -0.162597
1724138722.765648 0.160119 0.479720 0.373899 0.646903 0.706963 0.234235 -0.163871
1724138722.798982 0.174530 0.464512 0.374132 0.654100 0.702024 0.229484 -0.163258
1724138722.832316 0.189146 0.450578 0.374096 0.659515 0.697343 0.226874 -0.165171
1724138722.865650 0.204154 0.437260 0.374047 0.663176 0.692215 0.227481 -0.171142
1724138722.898984 0.219156 0.424460 0.373990 0.664843 0.687071 0.231038 -0.180388
1724138722.932318 0.233960 0.411309 0.373249 0.664474 0.683303 0.235727 -0.189747
1724138722.965652 0.248860 0.397271 0.371434 0.664805 0.679216 0.241276 -0.196178
1724138722.998984 0.263134 0.382690 0.368695 0.666958 0.673983 0.246786 -0.200029
1724138723.032318 0.276394 0.367612 0.365844 0.670128 0.668853 0.249656 -0.203066
1724138723.065652 0.288837 0.352924 0.363284 0.674299 0.662339 0.253533 -0.205787
1724138723.098996 0.300378 0.338578 0.361485 0.679280 0.655741 0.255002 -0.208704
1724138723.132339 0.311508 0.324586 0.360442 0.684960 0.649128 0.254513 -0.211390
1724138723.165683 0.322392 0.312136 0.359784 0.690665 0.641524 0.256227 -0.213955
1724138723.199027 0.333043 0.300620 0.359313 0.699976 0.633708 0.253169 -0.210605
1724138723.232361 0.343410 0.289708 0.359072 0.713981 0.625223 0.243587 -0.199982
1724138723.265705 0.353542 0.279957 0.359107 0.728253 0.618469 0.230237 -0.184754
1724138723.299048 0.362694 0.271825 0.359429 0.745145 0.611480 0.210206 -0.163293
1724138723.332402 0.371334 0.267540 0.361223 0.763831 0.601077 0.188447 -0.140556
1724138723.365745 0.379797 0.268013 0.364095 0.776234 0.594123 0.170726 -0.123822
1724138723.399098 0.387770 0.273064 0.367653 0.782640 0.592271 0.155245 -0.112204
1724138723.432441 0.394791 0.282267 0.372209 0.787285 0.591839 0.139006 -0.102891
1724138723.465795 0.401082 0.294995 0.377375 0.789697 0.593379 0.123101 -0.095529
1724138723.499138 0.406697 0.310113 0.382788 0.789362 0.598169 0.107388 -0.087007
1724138723.532482 0.411036 0.327255 0.388538 0.788239 0.603713 0.090978 -0.077027
1724138723.565826 0.413687 0.346079 0.394634 0.786319 0.609429 0.075734 -0.067549
1724138723.599169 0.415043 0.365982 0.400563 0.783598 0.615764 0.060986 -0.055586
1724138723.632503 0.414937 0.386228 0.406120 0.780553 0.622092 0.046620 -0.039562
1724138723.665828 0.413740 0.406633 0.411408 0.778247 0.626813 0.031435 -0.021209
1724138723.699162 0.411471 0.427073 0.416790 0.778078 0.627953 0.016387 -0.000372
1724138723.732486 0.408491 0.447112 0.422021 0.779562 0.625919 0.002203 0.022449
1724138723.765809 0.404490 0.466140 0.426789 0.781450 0.621783 -0.014326 0.050164
1724138723.799134 0.399447 0.484306 0.431828 0.782130 0.616743 -0.034973 0.081723
1724138723.832468 0.394468 0.502691 0.436294 0.780736 0.613295 -0.048918 0.109213
1724138723.865792 0.390011 0.521067 0.440194 0.777729 0.611221 -0.058921 0.134442
1724138723.899116 0.385254 0.539189 0.444399 0.774930 0.607431 -0.069577 0.160219
1724138723.932441 0.380582 0.557260 0.448884 0.773067 0.602225 -0.077463 0.183555
1724138723.965775 0.375937 0.574698 0.453310 0.770730 0.597204 -0.082352 0.206255
1724138723.999097 0.370554 0.591018 0.458427 0.767718 0.590815 -0.088096 0.231917
1724138724.032421 0.364142 0.607426 0.463572 0.766201 0.583628 -0.092705 0.252429
1724138724.065746 0.356925 0.624393 0.468328 0.765150 0.578947 -0.092492 0.266102
1724138724.099080 0.349256 0.641462 0.472716 0.762968 0.577869 -0.087743 0.276132
1724138724.132404 0.341356 0.657897 0.477283 0.758579 0.578885 -0.082428 0.287498
1724138724.165748 0.333665 0.674260 0.480706 0.752943 0.583436 -0.071644 0.295883
1724138724.199082 0.325456 0.690668 0.483567 0.748943 0.587569 -0.057257 0.300948
1724138724.232416 0.315591 0.705667 0.486381 0.745894 0.589696 -0.046273 0.306200
1724138724.265769 0.304192 0.718732 0.488970 0.744193 0.588476 -0.040869 0.313373
1724138724.299122 0.291918 0.730345 0.490686 0.742078 0.588605 -0.036423 0.318649
1724138724.332466 0.279430 0.741157 0.490929 0.737890 0.594120 -0.028323 0.318964
1724138724.365818 0.266675 0.751212 0.490035 0.732501 0.601296 -0.016262 0.318780
1724138724.399181 0.254132 0.760070 0.488463 0.726780 0.607678 0.001858 0.320178
1724138724.432535 0.242468 0.769618 0.484951 0.720941 0.617656 0.031158 0.312688
1724138724.465888 0.230124 0.779101 0.479863 0.718277 0.624746 0.066311 0.298953
1724138724.499251 0.216461 0.786362 0.474186 0.718816 0.625083 0.098078 0.288019
1724138724.532614 0.201688 0.791182 0.468042 0.720425 0.622454 0.125978 0.278689
1724138724.565977 0.186334 0.795059 0.461306 0.721466 0.620358 0.159329 0.263168
1724138724.599349 0.170672 0.797598 0.454292 0.721758 0.616470 0.196129 0.246096
1724138724.632713 0.154034 0.796905 0.447392 0.722118 0.611059 0.224399 0.234091
1724138724.666075 0.137013 0.793706 0.440986 0.722677 0.606186 0.245744 0.223353
1724138724.699448 0.119127 0.788580 0.434733 0.721707 0.605018 0.264425 0.207778
1724138724.732810 0.101800 0.781827 0.428311 0.720239 0.605377 0.280225 0.190391
1724138724.766173 0.084686 0.774336 0.421553 0.719593 0.604908 0.294531 0.171825
1724138724.799546 0.067841 0.766010 0.415418 0.718254 0.606070 0.308325 0.147401
1724138724.832909 0.051875 0.757612 0.408670 0.712906 0.610686 0.324442 0.116468
1724138724.866272 0.036163 0.748331 0.402266 0.706709 0.615886 0.337940 0.083927
1724138724.899625 0.021827 0.737286 0.396500 0.699525 0.623263 0.345716 0.051859
1724138724.932979 0.009053 0.724293 0.391570 0.691120 0.630822 0.352211 0.019075
1724138724.966322 -0.002759 0.710291 0.386834 0.682449 0.637702 0.356988 -0.012600
1724138724.999664 -0.012664 0.696267 0.382932 0.671228 0.644560 0.362970 -0.047410
1724138725.032998 -0.021685 0.680825 0.380038 0.662493 0.648180 0.366372 -0.082086
1724138725.066341 -0.029506 0.663888 0.377167 0.657047 0.650787 0.364315 -0.109727
1724138725.099666 -0.035453 0.646141 0.374668 0.648931 0.654050 0.363890 -0.136716
1724138725.132990 -0.039538 0.627778 0.371919 0.641770 0.657207 0.361893 -0.158881
1724138725.166305 -0.042651 0.607724 0.367831 0.641276 0.662108 0.347811 -0.171481
1724138725.199610 -0.044059 0.585716 0.363707 0.642000 0.672642 0.322484 -0.177179
1724138725.232924 -0.043380 0.564082 0.359110 0.639886 0.687085 0.296024 -0.175586
1724138725.266230 -0.040726 0.543481 0.354237 0.633462 0.705711 0.270076 -0.166605
1724138725.299525 -0.035679 0.522846 0.349356 0.623904 0.729090 0.240772 -0.145602
1724138725.332811 -0.028611 0.503022 0.344228 0.612462 0.753329 0.211012 -0.113404
1724138725.366086 -0.019424 0.484801 0.340311 0.598432 0.777167 0.181082 -0.071408
1724138725.399362 -0.009273 0.470054 0.337517 0.578027 0.800089 0.157664 -0.029741
1724138725.432637 0.001817 0.458451 0.336063 0.551475 0.822306 0.140121 0.007354
1724138725.465904 0.013377 0.450290 0.336500 0.524094 0.841697 0.123601 0.039916
1724138725.499180 0.025354 0.444024 0.338661 0.500324 0.856510 0.103984 0.072486
1724138725.532456 0.037655 0.439927 0.341885 0.477757 0.867807 0.084311 0.107472
1724138725.565732 0.048950 0.438468 0.345687 0.456840 0.876530 0.069175 0.134932
1724138725.599027 0.058297 0.439193 0.348675 0.438363 0.884339 0.061928 0.148145
1724138725.632323 0.066814 0.440452 0.351321 0.419484 0.891372 0.056952 0.162005
1724138725.665618 0.075097 0.441233 0.354323 0.396589 0.897809 0.052596 0.184090
1724138725.698933 0.082430 0.442680 0.357462 0.369085 0.905575 0.052536 0.202364
1724138725.732265 0.088721 0.444890 0.359750 0.337752 0.915427 0.057112 0.211317
1724138725.765599 0.094690 0.447945 0.361756 0.304159 0.925442 0.062608 0.217083
1724138725.798953 0.100438 0.451500 0.363351 0.274389 0.933709 0.067890 0.219746
1724138725.832316 0.105992 0.455518 0.364640 0.252342 0.939733 0.071417 0.219372
1724138725.865689 0.111091 0.459579 0.365677 0.240614 0.943880 0.072371 0.214377
1724138725.899071 0.115660 0.464436 0.366287 0.242047 0.946238 0.070770 0.202577
1724138725.932443 0.119599 0.469599 0.366572 0.259217 0.945300 0.069480 0.185439
1724138725.965816 0.122309 0.475131 0.366506 0.292802 0.939955 0.068157 0.161571
1724138725.999177 0.123980 0.481692 0.366943 0.338046 0.929511 0.066129 0.131765
1724138726.032521 0.125580 0.488927 0.368132 0.387711 0.913880 0.062856 0.102723
1724138726.065845 0.127426 0.496014 0.370803 0.445076 0.890498 0.051378 0.079255
1724138726.099141 0.129824 0.502344 0.375441 0.505569 0.860133 0.032351 0.059377
1724138726.132426 0.132564 0.507813 0.380798 0.564455 0.824282 0.007982 0.043431
1724138726.165673 0.134767 0.512230 0.387140 0.622071 0.781940 -0.024435 0.031636
1724138726.198920 0.136313 0.516931 0.394314 0.674585 0.735880 -0.056227 0.015957
1724138726.232148 0.138054 0.521065 0.400487 0.718883 0.690533 -0.079795 -0.002207
1724138726.265395 0.140762 0.525434 0.404702 0.755347 0.648331 -0.093162 -0.020948
1724138726.298661 0.143808 0.529711 0.406838 0.787103 0.608107 -0.095483 -0.039481
1724138726.331937 0.147431 0.533725 0.407559 0.817790 0.565215 -0.094831 -0.052532
1724138726.365222 0.152379 0.536777 0.407551 0.845572 0.522163 -0.092262 -0.061979
1724138726.398527 0.157118 0.538645 0.407667 0.870292 0.479425 -0.089986 -0.068159
1724138726.431842 0.161500 0.539469 0.408680 0.890465 0.440018 -0.090557 -0.072495
1724138726.465166 0.166304 0.538848 0.409825 0.906256 0.406340 -0.089389 -0.074818
1724138726.498510 0.171699 0.537725 0.409843 0.917570 0.381678 -0.082766 -0.074412
1724138726.531853 0.178079 0.536550 0.409349 0.924590 0.367049 -0.071540 -0.072736
1724138726.565197 0.185182 0.534755 0.408685 0.927610 0.362702 -0.057129 -0.068725
1724138726.598550 0.192982 0.532061 0.407575 0.924836 0.373319 -0.040728 -0.060428
1724138726.631913 0.201047 0.529541 0.406969 0.916268 0.396555 -0.023815 -0.051288
1724138726.665267 0.208596 0.527530 0.407280 0.902214 0.429133 -0.007278 -0.042445
1724138726.698620 0.215829 0.525164 0.408073 0.883049 0.468188 0.006518 -0.031346
1724138726.731982 0.222598 0.523451 0.409260 0.860267 0.509341 0.015117 -0.016840
1724138726.765335 0.228708 0.522517 0.410706 0.834109 0.551220 0.020442 -0.001185
1724138726.798689 0.234534 0.521957 0.411941 0.804117 0.593696 0.026210 0.015297
1724138726.832042 0.240301 0.522136 0.413452 0.771523 0.634543 0.029506 0.035173
1724138726.865395 0.245784 0.522389 0.415555 0.734577 0.675275 0.030173 0.059068
1724138726.898729 0.251205 0.522747 0.417644 0.693361 0.714396 0.030613 0.089175
1724138726.932063 0.255793 0.524265 0.420015 0.652973 0.746840 0.031048 0.122030
1724138726.965388 0.259144 0.526451 0.422124 0.614940 0.773290 0.034309 0.150648
1724138726.998710 0.262004 0.528377 0.424313 0.577817 0.794376 0.036945 0.183656
1724138727.032044 0.264068 0.530689 0.426235 0.543217 0.808955 0.039866 0.221175
1724138727.065388 0.265424 0.533061 0.427813 0.508030 0.821250 0.044360 0.255904
1724138727.098751 0.265081 0.537258 0.428043 0.472415 0.833824 0.055435 0.280158
1724138727.132133 0.263039 0.543524 0.426755 0.435176 0.849652 0.074179 0.288464
1724138727.165525 0.259978 0.551110 0.424732 0.395740 0.866552 0.094334 0.289099
1724138727.198936 0.255931 0.557941 0.422497 0.358683 0.880742 0.111740 0.288366
1724138727.232338 0.251675 0.564130 0.420866 0.323966 0.892747 0.122721 0.288077
1724138727.265749 0.247850 0.569004 0.420431 0.286203 0.903690 0.126810 0.292150
1724138727.299141 0.244329 0.573137 0.420807 0.247718 0.912895 0.126171 0.298897
1724138727.332524 0.240775 0.576327 0.421042 0.213656 0.920977 0.123164 0.301635
1724138727.365895 0.236677 0.578772 0.420301 0.187748 0.928277 0.117211 0.298854
1724138727.399258 0.231462 0.579853 0.418441 0.174179 0.935483 0.108101 0.287833
1724138727.432612 0.225737 0.579299 0.415202 0.180384 0.939074 0.098735 0.275413
1724138727.465965 0.219587 0.576955 0.410920 0.205733 0.939035 0.088182 0.260980
1724138727.499309 0.212555 0.573269 0.406161 0.246274 0.933985 0.075506 0.247628
1724138727.532652 0.205373 0.568396 0.401769 0.295784 0.923404 0.060826 0.236933
1724138727.566006 0.198208 0.563452 0.397651 0.348950 0.907614 0.047768 0.228450
1724138727.599359 0.191730 0.559499 0.394104 0.402579 0.885689 0.039767 0.227822
1724138727.632703 0.186110 0.557856 0.390992 0.453117 0.860657 0.044055 0.228065
1724138727.666037 0.181736 0.558694 0.387934 0.500564 0.831907 0.060557 0.231729
1724138727.699360 0.178338 0.560866 0.385132 0.549605 0.795273 0.083708 0.241803
1724138727.732675 0.176394 0.562552 0.384391 0.592863 0.753139 0.111311 0.262499
1724138727.765999 0.176153 0.562906 0.385687 0.628180 0.708897 0.142426 0.287351
1724138727.799333 0.177247 0.561060 0.388007 0.655975 0.664527 0.173008 0.313318
1724138727.832667 0.179362 0.555954 0.392161 0.671571 0.624611 0.197124 0.346403
1724138727.866030 0.181216 0.548777 0.397364 0.684351 0.582958 0.214953 0.381602
1724138727.899393 0.182754 0.541041 0.402414 0.693610 0.543400 0.234071 0.410893
1724138727.932765 0.182666 0.533463 0.405993 0.701451 0.509061 0.247151 0.433290
1724138727.966138 0.182237 0.527366 0.407882 0.709659 0.482259 0.257070 0.444664
1724138727.999509 0.181853 0.523029 0.408578 0.716232 0.465298 0.263208 0.448588
1724138728.032881 0.181724 0.519672 0.408260 0.720576 0.461108 0.264527 0.445169
1724138728.066245 0.181948 0.517939 0.405704 0.725180 0.466422 0.262349 0.433287
1724138728.099608 0.181729 0.516893 0.402174 0.731107 0.478438 0.253691 0.414994
1724138728.132971 0.181334 0.516226 0.399200 0.736458 0.496771 0.239136 0.391998
1724138728.166333 0.181404 0.516618 0.396291 0.738303 0.523460 0.225479 0.360636
1724138728.199687 0.181509 0.518051 0.392793 0.738978 0.556704 0.208405 0.317111
1724138728.233031 0.180857 0.519080 0.390910 0.739901 0.588551 0.180682 0.271124
1724138728.266384 0.179057 0.519512 0.390485 0.741251 0.614813 0.146072 0.226306
1724138728.299718 0.176557 0.519013 0.391352 0.742189 0.635532 0.105499 0.184727
1724138728.333033 0.173863 0.518905 0.392960 0.740366 0.653630 0.066952 0.141928
1724138728.366337 0.170538 0.518481 0.395777 0.737028 0.667906 0.024960 0.100340
1724138728.399632 0.166952 0.517596 0.399759 0.732796 0.677729 -0.016950 0.058370
1724138728.432898 0.164090 0.515691 0.404007 0.727333 0.683419 -0.057871 0.024012
1724138728.466155 0.162394 0.513004 0.408457 0.719971 0.687033 -0.098005 -0.004762
1724138728.499402 0.161081 0.510994 0.413886 0.711919 0.688123 -0.134824 -0.038482
1724138728.532639 0.160412 0.509264 0.419346 0.702402 0.688570 -0.165262 -0.072055
1724138728.565867 0.160230 0.508228 0.424137 0.694222 0.686207 -0.191270 -0.102914
1724138728.599085 0.160653 0.507663 0.429201 0.686532 0.681898 -0.214885 -0.132340
1724138728.632313 0.161776 0.506282 0.434019 0.677704 0.678873 -0.235107 -0.156758
1724138728.665540 0.163206 0.504656 0.438355 0.670302 0.675325 -0.254267 -0.173148
1724138728.698777 0.164977 0.503349 0.441924 0.666877 0.669297 -0.270516 -0.184762
1724138728.732014 0.167668 0.502768 0.444232 0.665769 0.663644 -0.281731 -0.192239
1724138728.765251 0.170999 0.502451 0.444564 0.665890 0.661376 -0.287238 -0.191485
1724138728.798489 0.174580 0.502644 0.443122 0.667643 0.662826 -0.284666 -0.184066
1724138728.831736 0.178705 0.504454 0.439973 0.672548 0.666038 -0.272210 -0.173132
1724138728.864983 0.183704 0.507898 0.434538 0.683099 0.668745 -0.249286 -0.154962
1724138728.898239 0.188543 0.511287 0.428442 0.696571 0.671029 -0.220459 -0.126118
1724138728.931515 0.194319 0.514619 0.423195 0.711228 0.670571 -0.188936 -0.093764
1724138728.964792 0.201278 0.517689 0.418330 0.725247 0.668727 -0.152802 -0.058927
1724138728.998075 0.209687 0.520541 0.414340 0.738331 0.664586 -0.113091 -0.020057
1724138729.031380 0.218863 0.523117 0.411777 0.750016 0.657288 -0.071167 0.019578
1724138729.064705 0.227758 0.525041 0.410485 0.759567 0.647317 -0.030010 0.056017
1724138729.098039 0.237753 0.526626 0.410334 0.768389 0.633233 0.010548 0.092103
1724138729.131402 0.249670 0.526856 0.412158 0.772192 0.619583 0.052860 0.130548
1724138729.164784 0.262268 0.525504 0.415566 0.771394 0.605674 0.091995 0.172182
1724138729.198205 0.273505 0.523146 0.419796 0.768861 0.588433 0.127288 0.215400
1724138729.231635 0.284442 0.519440 0.426171 0.762834 0.571429 0.161114 0.256115
1724138729.265066 0.294105 0.514317 0.433818 0.754015 0.554773 0.190389 0.295702
1724138729.298516 0.301706 0.508236 0.441454 0.745517 0.535894 0.212349 0.334559
1724138729.331956 0.307791 0.501729 0.448877 0.736326 0.521455 0.229184 0.365217
1724138729.365396 0.313099 0.496244 0.455579 0.726857 0.511694 0.245267 0.386900
1724138729.398826 0.316798 0.491420 0.461073 0.716853 0.505558 0.259573 0.403924
1724138729.432257 0.320043 0.488711 0.465166 0.709246 0.505556 0.268962 0.411149
1724138729.465688 0.322142 0.487978 0.467027 0.702957 0.515619 0.275428 0.405127
1724138729.499109 0.323230 0.489370 0.466958 0.698956 0.535779 0.275776 0.385160
1724138729.532510 0.323079 0.492264 0.465733 0.700044 0.558776 0.267204 0.355400
1724138729.565912 0.320692 0.495558 0.463807 0.704133 0.583996 0.251860 0.315773
1724138729.599313 0.316603 0.499222 0.461307 0.707907 0.611014 0.228614 0.270676
1724138729.632696 0.310836 0.502668 0.459963 0.714171 0.632478 0.197482 0.225684
1724138729.666069 0.303563 0.506101 0.459403 0.719438 0.650379 0.161224 0.182819
1724138729.699430 0.294641 0.509706 0.459259 0.721196 0.668353 0.121920 0.135340
1724138729.732764 0.284728 0.513203 0.460231 0.720550 0.682975 0.081595 0.087723
1724138729.766089 0.273545 0.516456 0.462280 0.718047 0.693764 0.037856 0.040829
1724138729.799394 0.261306 0.518686 0.464735 0.711583 0.702577 -0.005398 -0.002438
1724138729.832670 0.248533 0.519967 0.467823 0.704634 0.706410 -0.050399 -0.043999
1724138729.865936 0.235040 0.520342 0.473047 0.696522 0.705812 -0.096382 -0.086011
1724138729.899183 0.222535 0.519697 0.478945 0.685805 0.703449 -0.137466 -0.126232
1724138729.932421 0.211307 0.518819 0.484317 0.674456 0.699050 -0.174332 -0.161393
1724138729.965648 0.201051 0.517157 0.489113 0.664872 0.692902 -0.206672 -0.187397
1724138729.998874 0.192755 0.515994 0.491373 0.657345 0.687887 -0.231648 -0.202603
1724138730.032101 0.186265 0.514960 0.490424 0.652044 0.687225 -0.250686 -0.199289
1724138730.065339 0.181576 0.515298 0.486394 0.652752 0.687658 -0.264605 -0.176141
1724138730.098567 0.178238 0.518912 0.480658 0.661262 0.684412 -0.271910 -0.142754
1724138730.131794 0.176363 0.524926 0.474431 0.674712 0.678120 -0.274549 -0.097677
1724138730.231525 0.174769 0.544907 0.463779 0.707644 0.638457 -0.283342 0.106448
1724138730.264763 0.176135 0.551735 0.461680 0.711959 0.629083 -0.270640 0.155318
1724138730.297991 0.178638 0.557506 0.463101 0.703120 0.621730 -0.268096 0.217254
1724138730.331227 0.180927 0.569416 0.465364 0.695227 0.610023 -0.266527 0.271098
1724138730.364494 0.182264 0.580877 0.468415 0.689160 0.599253 -0.265255 0.309184
1724138730.397750 0.182382 0.594033 0.471429 0.685420 0.589505 -0.265839 0.334683
1724138730.431084 0.181900 0.608853 0.473559 0.686584 0.583387 -0.265933 0.342844
1724138730.464418 0.181646 0.623526 0.474043 0.689518 0.578180 -0.263638 0.347517
1724138730.497752 0.181189 0.637580 0.473004 0.693642 0.575530 -0.258899 0.347271
1724138730.531125 0.181226 0.650445 0.471420 0.698021 0.575706 -0.252227 0.343089
1724138730.564459 0.180508 0.660932 0.471022 0.700443 0.572171 -0.250542 0.345296
1724138730.597793 0.180053 0.669059 0.470767 0.700990 0.569937 -0.250735 0.347732
1724138730.631127 0.179923 0.676099 0.467706 0.702690 0.576753 -0.241485 0.339511
1724138730.664460 0.180030 0.682096 0.463117 0.706594 0.589666 -0.223612 0.320963
1724138730.697794 0.179166 0.686143 0.459666 0.709992 0.598157 -0.208819 0.307431
1724138730.731128 0.178092 0.687628 0.456576 0.712185 0.606594 -0.196962 0.293329
1724138730.797835 0.175587 0.691359 0.442519 0.726164 0.638539 -0.135274 0.215996
1724138730.831169 0.174196 0.691096 0.436655 0.733874 0.648611 -0.101987 0.174162
1724138730.864503 0.172324 0.690754 0.430528 0.740661 0.655263 -0.066832 0.132609
1724138730.897846 0.170917 0.688777 0.425997 0.747453 0.657990 -0.027739 0.087135
1724138730.931209 0.170339 0.684618 0.422755 0.748088 0.661708 0.007949 0.049428
1724138730.964581 0.169986 0.676207 0.420410 0.746278 0.664664 0.029183 0.020965
1724138730.997962 0.170343 0.665304 0.418024 0.743080 0.667366 0.048475 -0.010243
1724138731.031344 0.171264 0.652797 0.415585 0.737202 0.670553 0.069929 -0.044736
1724138731.064737 0.172673 0.637927 0.412349 0.729264 0.674372 0.087804 -0.075414
1724138731.098109 0.175314 0.620341 0.408381 0.722686 0.675953 0.103293 -0.100710
1724138731.131492 0.178967 0.600971 0.403719 0.717700 0.675762 0.115757 -0.121868
1724138731.164864 0.182200 0.578901 0.399018 0.711739 0.678339 0.120078 -0.137348
1724138731.198236 0.185474 0.556425 0.394128 0.705400 0.680613 0.125677 -0.152908
1724138731.231609 0.189215 0.535543 0.389536 0.699871 0.678571 0.139935 -0.173608
1724138731.264982 0.193414 0.515036 0.385529 0.694831 0.675926 0.153429 -0.191819
1724138731.298335 0.197053 0.493898 0.382173 0.691940 0.673093 0.162018 -0.204732
1724138731.331697 0.200471 0.472388 0.379404 0.690488 0.670587 0.166862 -0.213768
1724138731.365051 0.203675 0.451037 0.376625 0.689367 0.670015 0.167900 -0.218319
1724138731.398414 0.206882 0.430516 0.374178 0.687442 0.671231 0.167780 -0.220732
1724138731.431767 0.209885 0.411469 0.371641 0.684119 0.673522 0.170015 -0.222357
1724138731.465120 0.212843 0.394637 0.369177 0.679176 0.676234 0.174476 -0.225801
1724138731.498464 0.215191 0.379559 0.366925 0.676091 0.678331 0.176317 -0.227335
1724138731.531808 0.217229 0.367301 0.364719 0.671728 0.679661 0.182526 -0.231360
1724138731.565151 0.218661 0.357435 0.362691 0.665497 0.681694 0.190136 -0.237183
1724138731.598495 0.219350 0.349160 0.360957 0.660625 0.683844 0.193181 -0.242101
1724138731.631839 0.219733 0.342187 0.359051 0.655741 0.686587 0.195514 -0.245713
1724138731.665181 0.219813 0.338103 0.357739 0.647841 0.687920 0.205475 -0.254654
1724138731.698525 0.219597 0.336029 0.356780 0.641588 0.688411 0.213785 -0.262204
1724138731.731859 0.219546 0.335188 0.355652 0.642104 0.688295 0.213721 -0.261297
1724138731.765193 0.219466 0.336577 0.354447 0.648145 0.686061 0.210255 -0.254994
1724138731.798527 0.219159 0.340631 0.353673 0.659225 0.681973 0.202918 -0.243228
1724138731.831861 0.218507 0.346180 0.353161 0.675335 0.677544 0.187282 -0.223120
1724138731.865195 0.217656 0.353345 0.353053 0.691134 0.673593 0.169108 -0.200022
1724138731.898548 0.216036 0.361788 0.353093 0.705497 0.671696 0.145464 -0.173029
1724138731.931892 0.213890 0.370763 0.353457 0.720327 0.669640 0.113092 -0.141142
1724138731.965235 0.211998 0.380450 0.354225 0.737365 0.663193 0.076582 -0.102967
1724138731.998577 0.209856 0.392408 0.355545 0.753186 0.653348 0.042154 -0.063794
1724138732.031902 0.207159 0.405626 0.357415 0.765315 0.643101 0.007816 -0.025552
1724138732.065236 0.203646 0.419419 0.360512 0.773889 0.632251 -0.032299 0.017660
1724138732.098570 0.200029 0.434975 0.365497 0.779181 0.619789 -0.070434 0.061463
1724138732.131894 0.196452 0.452698 0.371036 0.782197 0.606313 -0.101583 0.101165
1724138732.165209 0.192501 0.471486 0.376928 0.782714 0.592115 -0.129506 0.141374
1724138732.198523 0.187904 0.490594 0.384514 0.780679 0.575714 -0.161537 0.181656
1724138732.231838 0.183809 0.511541 0.392330 0.779743 0.561622 -0.184215 0.206511
1724138732.265143 0.179915 0.534053 0.398456 0.778835 0.554435 -0.195473 0.218651
1724138732.298438 0.176251 0.556649 0.404294 0.773715 0.552813 -0.205671 0.231221
1724138732.331733 0.173421 0.579611 0.409745 0.769657 0.550963 -0.212312 0.242880
1724138732.365028 0.171452 0.602803 0.414851 0.766240 0.551982 -0.213689 0.250059
1724138732.398323 0.170045 0.625560 0.419130 0.762218 0.558139 -0.210116 0.251706
1724138732.431619 0.168926 0.647756 0.422933 0.758736 0.566579 -0.203585 0.248720
1724138732.464914 0.167920 0.668979 0.426484 0.755460 0.575632 -0.195882 0.244046
1724138732.498200 0.167185 0.688371 0.429709 0.751269 0.586503 -0.185880 0.238869
1724138732.531504 0.166329 0.705756 0.432440 0.746698 0.598886 -0.173105 0.231975
1724138732.564800 0.165466 0.720676 0.434587 0.742622 0.611451 -0.159063 0.222126
1724138732.598105 0.164525 0.732113 0.436361 0.737945 0.623626 -0.145621 0.212890
1724138732.631419 0.163515 0.740158 0.437462 0.734099 0.633549 -0.134126 0.204265
1724138732.664734 0.162024 0.744664 0.437430 0.731824 0.641860 -0.122364 0.193589
1724138732.698058 0.161159 0.746533 0.435685 0.730988 0.650947 -0.105697 0.175366
1724138732.731382 0.160283 0.745531 0.432641 0.730578 0.659189 -0.087657 0.155053
1724138732.764707 0.159845 0.741340 0.428370 0.729514 0.667279 -0.068711 0.133517
1724138732.798050 0.159454 0.734731 0.423232 0.727474 0.675941 -0.049082 0.107128
1724138732.831384 0.159341 0.726374 0.417596 0.725088 0.683907 -0.026683 0.076201
1724138732.864728 0.159195 0.716453 0.412357 0.723247 0.689055 -0.004047 0.045832
1724138732.898081 0.159011 0.706287 0.406948 0.721488 0.692051 0.019045 0.012599
1724138732.931435 0.158881 0.695317 0.401578 0.717763 0.694032 0.050137 -0.024946
1724138732.964807 0.158900 0.683172 0.396955 0.712778 0.694774 0.076676 -0.057945
1724138732.998178 0.159130 0.669504 0.392648 0.706438 0.694955 0.099537 -0.089862
1724138733.031541 0.160296 0.654744 0.388104 0.698296 0.694541 0.123772 -0.121144
1724138733.064913 0.161343 0.639444 0.383637 0.689702 0.692731 0.147066 -0.151021
1724138733.098286 0.162261 0.622938 0.379752 0.681906 0.689006 0.168133 -0.178900
1724138733.131668 0.163242 0.605121 0.375122 0.674769 0.685191 0.186773 -0.200788
1724138733.165041 0.163952 0.587336 0.369811 0.667025 0.681746 0.204123 -0.220530
1724138733.198414 0.164613 0.569215 0.364787 0.657037 0.678546 0.223262 -0.240899
1724138733.231786 0.164345 0.550351 0.359471 0.647473 0.678299 0.235364 -0.255525
1724138733.265159 0.163551 0.530750 0.353873 0.640905 0.679300 0.241031 -0.264000
1724138733.298522 0.162183 0.511990 0.348704 0.632827 0.680475 0.248471 -0.273395
1724138733.331884 0.159801 0.493611 0.344240 0.625138 0.682312 0.253493 -0.281768
1724138733.365247 0.157054 0.475620 0.340407 0.620436 0.683768 0.254737 -0.287455
1724138733.398600 0.153606 0.458861 0.336903 0.619017 0.684637 0.255084 -0.288136
1724138733.431953 0.149266 0.443630 0.334248 0.619026 0.685676 0.255380 -0.285372
1724138733.465307 0.143987 0.430109 0.331463 0.623966 0.690543 0.246738 -0.270070
1724138733.498651 0.138118 0.417358 0.328143 0.634320 0.696554 0.232304 -0.241837
1724138733.531985 0.132041 0.407407 0.326412 0.648105 0.698368 0.219620 -0.209783
1724138733.565319 0.124722 0.401096 0.325392 0.661161 0.697555 0.211925 -0.177120
1724138733.598653 0.116155 0.396718 0.324421 0.674930 0.693496 0.207862 -0.142571
1724138733.631987 0.106735 0.394685 0.324077 0.689739 0.685010 0.208248 -0.107952
1724138733.665319 0.096796 0.395191 0.324773 0.699411 0.675042 0.219705 -0.082899
1724138733.698663 0.086196 0.397597 0.325714 0.704946 0.663052 0.242654 -0.067323
1724138733.732017 0.075249 0.398013 0.326662 0.714734 0.647833 0.259217 -0.047683
1724138733.765370 0.064020 0.396188 0.327340 0.731569 0.627286 0.266041 -0.023238
1724138733.798733 0.052913 0.394380 0.328045 0.749899 0.601398 0.275589 -0.004830
1724138733.832106 0.042180 0.392702 0.329210 0.767523 0.571295 0.290648 0.007375
1724138733.865488 0.031630 0.391032 0.330182 0.785367 0.537410 0.306853 0.015197
1724138733.898861 0.021905 0.389672 0.330686 0.801919 0.500295 0.326038 0.018133
1724138733.932252 0.012863 0.387331 0.330933 0.816163 0.463765 0.344063 0.020506
1724138733.965654 0.003984 0.383565 0.330306 0.828164 0.430400 0.358176 0.024684
1724138733.999054 -0.004990 0.379614 0.328184 0.841209 0.401207 0.361009 0.032748
1724138734.032455 -0.013897 0.377358 0.324451 0.853592 0.379248 0.354567 0.042822
1724138734.065848 -0.021969 0.378661 0.319957 0.861143 0.368116 0.346392 0.054179
1724138734.099240 -0.029109 0.384227 0.314584 0.867622 0.362572 0.333221 0.068827
1724138734.132632 -0.035391 0.394337 0.308939 0.873745 0.360474 0.315761 0.083211
1724138734.166004 -0.039770 0.408521 0.303706 0.875906 0.364900 0.301478 0.093524
1724138734.199387 -0.042390 0.425976 0.299013 0.874895 0.375201 0.289012 0.101267
1724138734.232759 -0.044012 0.445415 0.294735 0.873967 0.388284 0.270648 0.110302
1724138734.266132 -0.044595 0.466124 0.291000 0.871579 0.404617 0.248555 0.121885
1724138734.299495 -0.043219 0.488100 0.288454 0.865938 0.423554 0.229484 0.134504
1724138734.332857 -0.040233 0.510432 0.287536 0.858688 0.442882 0.211765 0.147196
1724138734.366210 -0.036196 0.532670 0.287901 0.851719 0.460488 0.191216 0.161129
1724138734.399564 -0.030979 0.555495 0.288870 0.844232 0.476813 0.174644 0.171524
1724138734.432907 -0.024139 0.579238 0.290756 0.837778 0.490683 0.163599 0.174911
1724138734.466241 -0.015777 0.602992 0.293727 0.830562 0.505108 0.156528 0.174733
1724138734.499585 -0.005322 0.627581 0.297343 0.821872 0.520932 0.160134 0.165875
1724138734.532909 0.006145 0.652400 0.301331 0.813404 0.536590 0.170736 0.145927
1724138734.566243 0.017939 0.675881 0.306123 0.806779 0.549870 0.181659 0.117260
1724138734.599577 0.029671 0.697157 0.312133 0.802246 0.559716 0.191026 0.081415
1724138734.632911 0.041116 0.713813 0.319731 0.796841 0.568698 0.199212 0.044055
1724138734.666235 0.052370 0.725787 0.327741 0.790224 0.577255 0.205611 0.006888
1724138734.699569 0.063634 0.733751 0.335476 0.781403 0.586177 0.211594 -0.032158
1724138734.732903 0.074819 0.736412 0.342375 0.768771 0.597873 0.218106 -0.062998
1724138734.766227 0.085968 0.734796 0.347940 0.754940 0.610688 0.223613 -0.084399
1724138734.799561 0.096968 0.729324 0.352073 0.741958 0.622559 0.228305 -0.098966
1724138734.832885 0.107670 0.720550 0.355133 0.731874 0.630096 0.235001 -0.110060
1724138734.866210 0.117026 0.708815 0.356825 0.725147 0.634770 0.240173 -0.116388
1724138734.899544 0.124611 0.692842 0.357609 0.723248 0.638621 0.236577 -0.114490
1724138734.932878 0.130304 0.674262 0.357711 0.724832 0.640183 0.229581 -0.109889
1724138734.966211 0.134716 0.655256 0.358324 0.722547 0.641929 0.232044 -0.109581
1724138734.999544 0.138758 0.636684 0.360609 0.718349 0.642326 0.240777 -0.115840
1724138735.032887 0.140296 0.616873 0.362465 0.717529 0.641078 0.243923 -0.121132
1724138735.066231 0.139597 0.594673 0.363079 0.721176 0.639404 0.238044 -0.120009
1724138735.099565 0.137193 0.570080 0.361964 0.728106 0.637291 0.226138 -0.112172
1724138735.132909 0.134358 0.546440 0.359300 0.732793 0.634343 0.222754 -0.104898
1724138735.166243 0.131473 0.524206 0.356350 0.734353 0.632878 0.224088 -0.099879
1724138735.199577 0.129323 0.503072 0.352520 0.732918 0.634231 0.228105 -0.092469
1724138735.232911 0.129894 0.483920 0.347145 0.730289 0.635282 0.238336 -0.079316
1724138735.266245 0.132747 0.467038 0.341207 0.731448 0.630693 0.251863 -0.061442
1724138735.299588 0.137239 0.452784 0.335005 0.738196 0.617930 0.267558 -0.040519
1724138735.332941 0.142493 0.440445 0.328912 0.749563 0.598412 0.282404 -0.017521
1724138735.366304 0.147553 0.429781 0.323458 0.758231 0.580097 0.297613 0.000285
1724138735.399686 0.151299 0.420018 0.319393 0.763554 0.566268 0.310238 0.008859
1724138735.433068 0.153385 0.410249 0.315814 0.768847 0.555220 0.316861 0.014302
1724138735.466450 0.154868 0.400358 0.311581 0.775694 0.543083 0.320626 0.023622
1724138735.499833 0.155742 0.390197 0.306819 0.781292 0.532911 0.323063 0.034916
1724138735.533215 0.155372 0.379273 0.301702 0.785537 0.526899 0.321096 0.046969
1724138735.566597 0.153371 0.367471 0.296427 0.784279 0.530568 0.316351 0.057671
1724138735.599980 0.149532 0.354587 0.291392 0.776984 0.545120 0.307824 0.066216
1724138735.633353 0.144036 0.341293 0.286883 0.766919 0.564864 0.295298 0.074584
1724138735.666725 0.137720 0.328467 0.283124 0.756288 0.584720 0.281424 0.083256
1724138735.700088 0.131229 0.316601 0.280275 0.746737 0.601797 0.267937 0.091837
1724138735.733450 0.124468 0.306274 0.278162 0.741150 0.613030 0.254392 0.100873
1724138735.766804 0.117812 0.297658 0.276443 0.736779 0.621509 0.243318 0.108074
1724138735.800157 0.111069 0.290809 0.274638 0.732771 0.628372 0.235249 0.113376
1724138735.833510 0.104069 0.285342 0.272918 0.729768 0.633912 0.227977 0.116710
1724138735.866854 0.097048 0.280746 0.271025 0.726694 0.639398 0.221261 0.118867
1724138735.900198 0.090222 0.276833 0.268849 0.723038 0.644903 0.215779 0.121472
1724138735.933541 0.083503 0.273734 0.266485 0.719108 0.650155 0.211081 0.125008
1724138735.966874 0.076683 0.271588 0.264379 0.715749 0.654922 0.205831 0.128117
1724138736.000217 0.069632 0.270487 0.262533 0.712490 0.660061 0.200103 0.128982
1724138736.033551 0.062390 0.271003 0.261077 0.710660 0.664180 0.194140 0.127031
1724138736.066885 0.055372 0.272857 0.259997 0.709864 0.667522 0.187605 0.123738
1724138736.100219 0.049270 0.275724 0.259113 0.708463 0.670947 0.182755 0.120460
1724138736.133543 0.044111 0.279716 0.257994 0.707230 0.673515 0.179494 0.118260
1724138736.166867 0.040102 0.284770 0.257063 0.705479 0.676345 0.177671 0.115281
1724138736.200202 0.037637 0.290720 0.256201 0.704247 0.677981 0.177794 0.112987
1724138736.233526 0.036706 0.297327 0.255561 0.703885 0.677871 0.180841 0.111056
1724138736.266850 0.037570 0.303985 0.255472 0.704846 0.675885 0.184205 0.111532
1724138736.300175 0.040333 0.309942 0.255461 0.704520 0.674382 0.189211 0.114278
1724138736.333508 0.044669 0.315415 0.255265 0.702434 0.673764 0.196534 0.118333
1724138736.366832 0.049948 0.320589 0.255316 0.700028 0.673300 0.204314 0.121999
1724138736.400176 0.055438 0.325568 0.255644 0.696709 0.673975 0.211965 0.124195
1724138736.433519 0.061090 0.329925 0.256010 0.693162 0.674939 0.218831 0.126875
1724138736.466863 0.066364 0.333417 0.256526 0.689217 0.676641 0.224207 0.129879
1724138736.500207 0.071037 0.336326 0.256993 0.684759 0.679336 0.228259 0.132307
1724138736.533560 0.074917 0.338518 0.257222 0.681242 0.681276 0.231970 0.134023
1724138736.566904 0.078151 0.339879 0.257253 0.678114 0.683161 0.234597 0.135708
1724138736.600247 0.080601 0.340092 0.256873 0.674874 0.685225 0.236900 0.137443
1724138736.633590 0.082086 0.339221 0.256476 0.672944 0.686721 0.237010 0.139239
1724138736.666943 0.082515 0.337030 0.255926 0.671153 0.688758 0.235125 0.141005
1724138736.700287 0.082142 0.333642 0.255302 0.669725 0.691086 0.231015 0.143182
1724138736.733631 0.081162 0.329140 0.254545 0.668033 0.693852 0.226032 0.145635
1724138736.766965 0.079719 0.323756 0.253525 0.665947 0.696937 0.220253 0.149275
1724138736.800308 0.077944 0.317655 0.252206 0.663411 0.700545 0.213305 0.153698
1724138736.833642 0.075837 0.311440 0.250474 0.660722 0.704402 0.205998 0.157573
1724138736.866976 0.073232 0.305566 0.248424 0.660291 0.706257 0.198845 0.160244
1724138736.900301 0.070424 0.300288 0.246144 0.661949 0.706034 0.192102 0.162590
1724138736.933635 0.067556 0.295459 0.243447 0.663430 0.705726 0.185879 0.165108
1724138736.966958 0.064770 0.291080 0.240387 0.664150 0.706100 0.180261 0.166834
1724138737.000281 0.061945 0.287407 0.237305 0.664810 0.706794 0.175644 0.166186
1724138737.033615 0.059318 0.284521 0.234399 0.666462 0.706773 0.170737 0.164769
1724138737.066940 0.057239 0.281982 0.231316 0.668173 0.706190 0.167188 0.163976
1724138737.100264 0.055837 0.279631 0.227943 0.668647 0.705784 0.165948 0.165053
1724138737.133588 0.054427 0.277536 0.224925 0.667958 0.706585 0.164006 0.166347
1724138737.166913 0.052906 0.275671 0.222013 0.668401 0.706258 0.161022 0.168856
1724138737.200227 0.051062 0.274214 0.219075 0.669419 0.705414 0.157581 0.171574
1724138737.233552 0.048637 0.273530 0.216975 0.669674 0.706855 0.152352 0.169355
1724138737.266876 0.045958 0.273495 0.215534 0.669890 0.709171 0.146304 0.164073
1724138737.300191 0.043809 0.273942 0.214133 0.671331 0.709686 0.141309 0.160288
1724138737.333514 0.042424 0.274520 0.212605 0.673008 0.709109 0.138499 0.158250
