1724138701.997668 0.209098 0.556596 0.443616 0.660005 0.748769 0.001910 -0.061115
1724138702.031012 0.213414 0.529650 0.438283 0.655622 0.751300 0.003188 -0.075477
1724138702.064346 0.218134 0.504614 0.432140 0.655778 0.749778 0.008383 -0.087853
1724138702.097681 0.222797 0.481258 0.425992 0.660311 0.744570 0.014370 -0.096945
1724138702.131015 0.227657 0.459330 0.419688 0.668277 0.736652 0.021410 -0.101445
1724138702.164350 0.232474 0.439861 0.412937 0.676305 0.728083 0.033939 -0.106563
1724138702.197693 0.236358 0.422404 0.407089 0.680529 0.721818 0.050079 -0.115547
1724138702.231036 0.240060 0.406430 0.401997 0.680909 0.718163 0.068575 -0.126105
1724138702.264400 0.243142 0.391550 0.397936 0.678866 0.716075 0.086590 -0.137406
1724138702.297764 0.246076 0.378146 0.394579 0.676753 0.712724 0.105978 -0.150994
1724138702.331138 0.248308 0.365307 0.391541 0.673661 0.710635 0.123100 -0.161322
1724138702.364501 0.250512 0.353755 0.389122 0.670343 0.708381 0.140748 -0.170375
1724138702.397883 0.252765 0.342935 0.387171 0.666098 0.707232 0.157915 -0.176634
1724138702.431247 0.254507 0.331955 0.385162 0.661828 0.707315 0.172285 -0.178903
1724138702.464620 0.255759 0.322077 0.383257 0.658891 0.706080 0.186747 -0.180110
1724138702.497984 0.256468 0.312651 0.381749 0.654728 0.706266 0.199823 -0.180528
1724138702.531346 0.256699 0.303765 0.380497 0.652647 0.706268 0.208054 -0.178749
1724138702.564730 0.256609 0.295446 0.379400 0.654714 0.704647 0.209890 -0.175409
1724138702.598102 0.256056 0.288918 0.378892 0.659403 0.702139 0.207741 -0.170388
1724138702.631475 0.255257 0.285305 0.378638 0.665702 0.698013 0.205938 -0.164950
1724138702.664839 0.253930 0.285667 0.379084 0.672215 0.692783 0.204563 -0.162272
1724138702.698202 0.252152 0.289160 0.380158 0.678550 0.689115 0.198905 -0.158512
1724138702.731576 0.250232 0.296346 0.381576 0.683997 0.686419 0.192016 -0.155260
1724138702.764929 0.248532 0.307503 0.383139 0.690542 0.683765 0.182280 -0.149640
1724138702.798283 0.247059 0.320275 0.384491 0.699481 0.683825 0.160354 -0.131898
1724138702.831646 0.245667 0.333987 0.386332 0.710154 0.684892 0.125720 -0.103916
1724138702.865000 0.244287 0.352307 0.389591 0.720487 0.681459 0.098543 -0.082466
1724138702.898335 0.242166 0.374569 0.394852 0.728384 0.677222 0.078473 -0.068328
1724138702.931678 0.239888 0.399328 0.401009 0.733960 0.674190 0.061522 -0.054650
1724138702.965023 0.237788 0.425638 0.407650 0.737965 0.671848 0.048076 -0.041427
1724138702.998341 0.235576 0.453406 0.414656 0.739652 0.671159 0.039810 -0.029607
1724138703.031675 0.233347 0.480354 0.422506 0.741906 0.669884 0.026896 -0.010355
1724138703.064999 0.230067 0.505895 0.432118 0.746374 0.665358 0.001806 0.014846
1724138703.098333 0.225958 0.531142 0.443340 0.752189 0.657392 -0.026544 0.036660
1724138703.131667 0.221730 0.555509 0.454888 0.755772 0.649532 -0.056000 0.061491
1724138703.164983 0.217454 0.578142 0.466109 0.755081 0.643335 -0.085058 0.093481
1724138703.198288 0.213801 0.600018 0.476065 0.751411 0.640029 -0.106310 0.120180
1724138703.231593 0.210832 0.622083 0.484398 0.747781 0.638371 -0.118315 0.138951
1724138703.264879 0.207750 0.644387 0.491425 0.745944 0.637455 -0.123645 0.148087
1724138703.298165 0.204172 0.666320 0.498033 0.744622 0.637923 -0.128383 0.148697
1724138703.331441 0.200366 0.687236 0.504100 0.744893 0.637553 -0.133045 0.144776
1724138703.364727 0.196476 0.706760 0.508977 0.746843 0.635864 -0.136463 0.138851
1724138703.398013 0.192667 0.724977 0.512283 0.751653 0.631650 -0.136086 0.132351
1724138703.431300 0.188849 0.740614 0.514332 0.757809 0.625754 -0.133462 0.127847
1724138703.464595 0.185625 0.752605 0.515900 0.762052 0.621516 -0.128770 0.128112
1724138703.497910 0.183072 0.761304 0.517066 0.764568 0.618610 -0.123129 0.132648
1724138703.531224 0.181444 0.767144 0.517647 0.764644 0.619205 -0.114814 0.136829
1724138703.564549 0.180527 0.770435 0.517747 0.762043 0.624613 -0.103841 0.135523
1724138703.597864 0.180149 0.770692 0.517495 0.756671 0.634130 -0.093050 0.129113
1724138703.631189 0.180377 0.767640 0.516461 0.748626 0.646614 -0.083997 0.119974
1724138703.664523 0.180560 0.761410 0.513896 0.739527 0.659977 -0.075859 0.108515
1724138703.697857 0.181497 0.752380 0.510105 0.728922 0.674241 -0.068423 0.096904
1724138703.731182 0.182385 0.741487 0.504937 0.719253 0.687349 -0.058034 0.082818
1724138703.764506 0.182759 0.729661 0.498792 0.713009 0.696834 -0.043782 0.064217
1724138703.797831 0.183172 0.716332 0.490901 0.705588 0.707106 -0.022088 0.040725
1724138703.831165 0.184166 0.701473 0.482642 0.697814 0.716121 0.001163 0.015019
1724138703.864500 0.184302 0.685579 0.474723 0.691117 0.722249 0.023569 -0.012556
1724138703.897834 0.184283 0.667810 0.467393 0.684060 0.726958 0.044658 -0.040003
1724138703.931186 0.184672 0.648414 0.460397 0.676719 0.729962 0.067173 -0.068519
1724138703.964530 0.184885 0.628206 0.453662 0.670276 0.729262 0.093493 -0.100829
1724138703.997874 0.185218 0.607038 0.447136 0.667933 0.721823 0.120355 -0.135467
1724138704.031228 0.186222 0.583200 0.440106 0.666958 0.714371 0.140829 -0.158139
1724138704.064591 0.188448 0.556197 0.431716 0.667087 0.711594 0.149302 -0.162288
1724138704.097954 0.191149 0.527972 0.422707 0.665726 0.711738 0.155931 -0.161009
1724138704.131317 0.193739 0.500194 0.414163 0.664534 0.712299 0.160033 -0.159421
1724138704.164680 0.196085 0.474075 0.406220 0.659821 0.713905 0.169367 -0.162145
1724138704.198043 0.198133 0.449426 0.399333 0.655115 0.714968 0.178719 -0.166449
1724138704.231407 0.200089 0.425809 0.393494 0.652570 0.715141 0.183137 -0.170842
1724138704.264770 0.202077 0.403725 0.388845 0.651086 0.714624 0.185165 -0.176389
1724138704.298123 0.204193 0.382380 0.384813 0.651450 0.713443 0.184746 -0.180224
1724138704.331486 0.206498 0.362065 0.380955 0.652361 0.712606 0.184322 -0.180675
1724138704.364840 0.209128 0.343311 0.377117 0.650732 0.713830 0.186334 -0.179652
1724138704.398193 0.211510 0.326658 0.373885 0.645477 0.717056 0.190589 -0.181290
1724138704.431546 0.213352 0.311219 0.370658 0.639946 0.722430 0.190798 -0.179335
1724138704.464891 0.214613 0.296299 0.367976 0.637901 0.727315 0.182780 -0.175176
1724138704.498225 0.215998 0.283608 0.366706 0.641000 0.728085 0.172109 -0.171432
1724138704.531569 0.217286 0.272945 0.366364 0.648818 0.725694 0.159333 -0.164368
1724138704.564903 0.218394 0.264783 0.366778 0.658916 0.721051 0.147682 -0.155258
1724138704.598237 0.219162 0.260108 0.367391 0.668612 0.715544 0.139669 -0.146451
1724138704.631571 0.219337 0.259028 0.368276 0.675890 0.711273 0.133510 -0.139421
1724138704.664906 0.219143 0.261634 0.369112 0.680900 0.708265 0.129875 -0.133676
1724138704.698240 0.219271 0.267606 0.369483 0.686465 0.705469 0.124780 -0.124539
1724138704.731574 0.219788 0.277107 0.369764 0.692523 0.703154 0.115469 -0.112489
1724138704.764908 0.220508 0.290038 0.370163 0.697343 0.702278 0.102722 -0.099834
1724138704.798242 0.221012 0.305089 0.371054 0.702134 0.702457 0.082812 -0.081879
1724138704.831576 0.221531 0.321443 0.373369 0.708030 0.701778 0.053692 -0.057605
1724138704.864910 0.221714 0.339270 0.377003 0.714937 0.698257 0.020527 -0.029693
1724138704.898235 0.221717 0.358325 0.382157 0.721820 0.691901 -0.015189 0.004263
1724138704.931569 0.221578 0.378907 0.387907 0.727007 0.684006 -0.046887 0.037389
1724138704.964884 0.220178 0.402808 0.392766 0.733367 0.674557 -0.062499 0.056918
1724138704.998190 0.218379 0.429063 0.397956 0.740351 0.664564 -0.072811 0.070243
1724138705.031495 0.216876 0.455570 0.403807 0.745180 0.656629 -0.082487 0.082101
1724138705.064800 0.215065 0.482159 0.410094 0.750195 0.647547 -0.094472 0.094689
1724138705.098115 0.212352 0.508345 0.416373 0.754410 0.638975 -0.103594 0.108834
1724138705.131420 0.209215 0.532789 0.422543 0.757868 0.629281 -0.114424 0.128641
1724138705.164725 0.205606 0.555162 0.429444 0.759076 0.619520 -0.130834 0.151266
1724138705.198040 0.202043 0.576343 0.437086 0.756397 0.611859 -0.151181 0.175032
1724138705.231335 0.198942 0.597029 0.444402 0.751612 0.606432 -0.169920 0.196081
1724138705.264640 0.196326 0.618187 0.450468 0.749357 0.604047 -0.179132 0.203724
1724138705.297936 0.194170 0.639301 0.455332 0.745376 0.608851 -0.179777 0.203460
1724138705.331221 0.192254 0.659809 0.458934 0.743551 0.613519 -0.174617 0.200587
1724138705.364517 0.190235 0.679235 0.461713 0.743363 0.617987 -0.166059 0.194751
1724138705.397813 0.188632 0.697207 0.463763 0.742476 0.624979 -0.154041 0.185478
1724138705.431108 0.186774 0.712704 0.465957 0.741145 0.631412 -0.142423 0.178155
1724138705.464422 0.185226 0.725838 0.467706 0.738918 0.638198 -0.130002 0.172637
1724138705.497738 0.184346 0.736760 0.468816 0.735474 0.647352 -0.114085 0.164308
1724138705.531052 0.183691 0.745409 0.469674 0.731091 0.657531 -0.097736 0.153642
1724138705.564377 0.182741 0.750474 0.471288 0.726842 0.665783 -0.085713 0.145213
1724138705.597711 0.181651 0.751972 0.473165 0.723568 0.671782 -0.077324 0.138493
1724138705.631045 0.180486 0.749996 0.474691 0.721385 0.675718 -0.073468 0.132709
1724138705.664379 0.179861 0.745147 0.474662 0.720001 0.679565 -0.067178 0.123596
1724138705.697712 0.180311 0.738171 0.472153 0.718025 0.685448 -0.053144 0.108521
1724138705.731048 0.181253 0.728052 0.467880 0.715180 0.691204 -0.037971 0.096508
1724138705.764391 0.183368 0.715063 0.462259 0.710701 0.698460 -0.019150 0.081801
1724138705.797725 0.186160 0.699261 0.454943 0.701118 0.710961 0.009454 0.053660
1724138705.831079 0.188205 0.681602 0.448032 0.690578 0.722151 0.035922 0.017593
1724138705.864432 0.190026 0.661669 0.441557 0.678424 0.731784 0.061294 -0.021831
1724138705.897805 0.191051 0.640198 0.434944 0.666573 0.738228 0.084806 -0.059219
1724138705.931168 0.192296 0.616237 0.428884 0.656736 0.741424 0.103685 -0.090768
1724138705.964530 0.193873 0.591060 0.422518 0.648405 0.742584 0.120948 -0.116242
1724138705.997897 0.196095 0.565879 0.415592 0.643637 0.740131 0.138480 -0.136968
1724138706.031260 0.199068 0.539305 0.408498 0.639947 0.737636 0.153114 -0.151385
1724138706.064623 0.202435 0.512776 0.401094 0.637865 0.735161 0.165237 -0.159258
1724138706.097996 0.205627 0.487278 0.394263 0.636012 0.730626 0.180613 -0.170451
1724138706.131359 0.209400 0.462613 0.388003 0.633923 0.726407 0.195253 -0.179863
1724138706.164721 0.212709 0.437959 0.381364 0.633766 0.723280 0.204697 -0.182498
1724138706.198085 0.215814 0.414193 0.375835 0.633892 0.719435 0.213510 -0.187102
1724138706.231457 0.217969 0.390991 0.371133 0.634289 0.715952 0.219851 -0.191717
1724138706.264811 0.219645 0.368695 0.367815 0.633342 0.713811 0.223451 -0.198548
1724138706.298174 0.221130 0.347221 0.365291 0.633920 0.712276 0.223657 -0.201954
1724138706.331527 0.223168 0.327187 0.363195 0.639080 0.709516 0.221152 -0.198131
1724138706.364890 0.225450 0.309230 0.361447 0.646622 0.706308 0.216675 -0.189897
1724138706.398243 0.227475 0.293807 0.360472 0.657817 0.701899 0.207810 -0.177285
1724138706.431597 0.229659 0.282377 0.360054 0.672036 0.696106 0.195476 -0.159980
1724138706.464950 0.231376 0.276279 0.359849 0.686880 0.689654 0.181454 -0.140172
1724138706.498294 0.232605 0.276118 0.360349 0.699924 0.683363 0.168238 -0.121727
1724138706.531637 0.233542 0.281592 0.360841 0.710292 0.677530 0.160113 -0.103932
1724138706.564981 0.234225 0.289722 0.360646 0.718860 0.674422 0.149307 -0.078125
1724138706.598335 0.234914 0.300453 0.359772 0.725987 0.671570 0.140936 -0.045544
1724138706.631698 0.235498 0.315266 0.358949 0.731741 0.665558 0.146054 -0.016025
1724138706.665051 0.235560 0.332157 0.359043 0.736127 0.657902 0.158657 0.010507
1724138706.698424 0.234559 0.349040 0.359741 0.738974 0.650584 0.170453 0.040042
1724138706.731797 0.232262 0.365602 0.360817 0.742649 0.640818 0.181501 0.069868
1724138706.765179 0.228334 0.381227 0.361988 0.748364 0.627345 0.191339 0.098891
1724138706.798562 0.223140 0.394933 0.363167 0.754511 0.611949 0.198751 0.129344
1724138706.831954 0.216322 0.407966 0.363636 0.760090 0.596417 0.206257 0.154948
1724138706.865346 0.208208 0.420932 0.363168 0.765762 0.579128 0.218960 0.173998
1724138706.898737 0.198947 0.433074 0.362036 0.769901 0.561784 0.236566 0.188912
1724138706.932130 0.188132 0.443469 0.360080 0.772692 0.545569 0.252012 0.204428
1724138706.965522 0.175741 0.450905 0.357828 0.773696 0.532012 0.260187 0.225078
1724138706.998909 0.162942 0.456307 0.355798 0.770850 0.521937 0.269403 0.246565
1724138707.032301 0.149963 0.460302 0.353936 0.766114 0.512556 0.280475 0.267749
1724138707.065683 0.136713 0.462289 0.352773 0.760257 0.504984 0.285983 0.291914
1724138707.099065 0.124037 0.462846 0.352317 0.751703 0.500109 0.292564 0.315023
1724138707.132438 0.112144 0.463008 0.352561 0.742333 0.496208 0.301992 0.333947
1724138707.165811 0.100437 0.462411 0.352833 0.733780 0.493378 0.307922 0.351183
1724138707.199173 0.089536 0.461099 0.353107 0.727199 0.492551 0.310106 0.363879
1724138707.232527 0.079690 0.459464 0.352653 0.723510 0.492058 0.309362 0.372434
1724138707.265890 0.071316 0.457944 0.351517 0.723344 0.493380 0.305818 0.373930
1724138707.299234 0.064820 0.456634 0.349471 0.726992 0.498305 0.295901 0.368264
1724138707.332577 0.060124 0.455687 0.346817 0.731974 0.509520 0.281205 0.354299
1724138707.365921 0.057059 0.455353 0.344244 0.740097 0.523657 0.261191 0.331390
1724138707.399255 0.055812 0.455525 0.342610 0.749158 0.539468 0.238855 0.301139
1724138707.432589 0.057473 0.456331 0.342571 0.754817 0.557730 0.217094 0.268438
1724138707.465923 0.061543 0.458181 0.343382 0.756760 0.578141 0.198194 0.231918
1724138707.499238 0.067176 0.460148 0.345304 0.758424 0.596537 0.176279 0.194583
1724138707.532562 0.075470 0.463158 0.348266 0.758392 0.612857 0.157660 0.156175
1724138707.565876 0.085377 0.466443 0.351460 0.757175 0.626993 0.141647 0.116196
1724138707.599182 0.097081 0.468646 0.354234 0.756331 0.637365 0.123600 0.080320
1724138707.632487 0.111111 0.470368 0.356581 0.756021 0.644598 0.104338 0.045149
1724138707.665772 0.126317 0.470884 0.358683 0.756123 0.649169 0.081909 0.012156
1724138707.699058 0.141767 0.469483 0.362114 0.756743 0.651621 0.050104 -0.014845
1724138707.732344 0.158466 0.466058 0.365314 0.755158 0.654694 0.012061 -0.031091
1724138707.765629 0.176749 0.462284 0.369185 0.753306 0.655533 -0.027265 -0.045416
1724138707.798905 0.196320 0.459104 0.372026 0.747074 0.659651 -0.057432 -0.058676
1724138707.832172 0.216727 0.457624 0.373147 0.739932 0.664392 -0.073513 -0.075367
1724138707.865448 0.237006 0.458467 0.374248 0.735256 0.665675 -0.082211 -0.097552
1724138707.898724 0.256457 0.460978 0.374426 0.727444 0.669377 -0.082676 -0.126193
1724138707.932000 0.275794 0.464007 0.373929 0.718052 0.673826 -0.077628 -0.155990
1724138707.965285 0.293954 0.466673 0.374487 0.710424 0.675240 -0.077161 -0.182741
1724138707.998567 0.310440 0.468766 0.376778 0.704932 0.672340 -0.080173 -0.211191
1724138708.031862 0.325458 0.470148 0.379521 0.700926 0.667275 -0.083058 -0.237798
1724138708.065157 0.338834 0.469603 0.382956 0.697350 0.662759 -0.092646 -0.256650
1724138708.098463 0.350831 0.467094 0.387667 0.693716 0.658445 -0.110190 -0.270310
1724138708.131768 0.361213 0.463658 0.392032 0.691052 0.654506 -0.125971 -0.279644
1724138708.165063 0.370076 0.460029 0.395747 0.690885 0.650083 -0.140538 -0.283406
1724138708.198368 0.377190 0.455782 0.399122 0.691520 0.647318 -0.155609 -0.280296
1724138708.231663 0.382265 0.452438 0.402307 0.692287 0.644800 -0.167025 -0.277621
1724138708.264959 0.385745 0.450156 0.405212 0.692633 0.643526 -0.175635 -0.274382
1724138708.298264 0.387739 0.449197 0.406746 0.694261 0.643242 -0.177303 -0.269825
1724138708.331568 0.388146 0.449868 0.405944 0.696295 0.645290 -0.168302 -0.265423
1724138708.364883 0.387568 0.451012 0.403362 0.697457 0.651048 -0.153435 -0.257194
1724138708.398188 0.387096 0.451457 0.399880 0.697411 0.660798 -0.140166 -0.239409
1724138708.431503 0.385532 0.451753 0.395107 0.697296 0.672440 -0.124913 -0.214474
1724138708.464827 0.382806 0.452865 0.389052 0.699908 0.682071 -0.105271 -0.183919
1724138708.498142 0.379121 0.453601 0.382922 0.703720 0.689882 -0.085226 -0.146893
1724138708.531457 0.373949 0.453638 0.376879 0.706270 0.696768 -0.063581 -0.107958
1724138708.564781 0.367007 0.453780 0.371337 0.711438 0.698223 -0.035496 -0.071279
1724138708.598115 0.358826 0.453823 0.367020 0.717578 0.695553 -0.006215 -0.035350
1724138708.631449 0.349773 0.453536 0.363405 0.720198 0.693494 0.019202 0.003480
1724138708.664793 0.340338 0.453536 0.359974 0.721626 0.689197 0.047543 0.044768
1724138708.698156 0.329845 0.454247 0.357156 0.722163 0.682601 0.077794 0.080529
1724138708.731528 0.317790 0.455272 0.355002 0.724042 0.672498 0.105468 0.111296
1724138708.764911 0.304718 0.456087 0.353661 0.726357 0.660575 0.129037 0.139273
1724138708.798312 0.291170 0.457359 0.351842 0.728161 0.646350 0.155058 0.167239
1724138708.831714 0.277197 0.458660 0.349830 0.730379 0.629359 0.179672 0.195375
1724138708.865115 0.262473 0.458781 0.348387 0.731138 0.612991 0.200750 0.222212
1724138708.898517 0.247292 0.457863 0.347681 0.730199 0.593931 0.222352 0.254194
1724138708.931919 0.231559 0.456147 0.347184 0.728949 0.572194 0.242849 0.286795
1724138708.965330 0.215344 0.453880 0.346801 0.725636 0.552453 0.261943 0.315648
1724138708.998727 0.198394 0.450143 0.346849 0.724067 0.530192 0.273503 0.346150
1724138709.032129 0.180920 0.445740 0.346689 0.725073 0.505696 0.275422 0.377735
1724138709.065521 0.165165 0.442826 0.344489 0.726637 0.486912 0.279450 0.396009
1724138709.098913 0.152208 0.441593 0.341386 0.727410 0.476780 0.286281 0.401993
1724138709.132295 0.141715 0.440574 0.338608 0.728038 0.472759 0.288232 0.404206
1724138709.165668 0.134144 0.439904 0.336563 0.729020 0.471791 0.287482 0.404100
1724138709.199031 0.129550 0.439594 0.335309 0.730494 0.473478 0.285603 0.400785
1724138709.232394 0.127677 0.439631 0.334966 0.732372 0.480237 0.279371 0.393644
1724138709.265757 0.128540 0.440565 0.334699 0.733880 0.492725 0.272474 0.380000
1724138709.299120 0.131688 0.442409 0.334269 0.735599 0.509168 0.265268 0.359548
1724138709.332473 0.136839 0.444853 0.333549 0.737922 0.528956 0.258932 0.329592
1724138709.365826 0.143659 0.447767 0.333801 0.743692 0.546052 0.250346 0.293387
1724138709.399180 0.151419 0.450719 0.334341 0.749558 0.561245 0.237699 0.258196
1724138709.432533 0.159977 0.453618 0.335488 0.755111 0.577285 0.221376 0.218041
1724138709.465877 0.168990 0.456279 0.337733 0.759233 0.594342 0.201133 0.172825
1724138709.499220 0.179092 0.457436 0.340185 0.761930 0.609883 0.175471 0.129285
1724138709.532554 0.189429 0.456205 0.343615 0.765510 0.622289 0.136208 0.090541
1724138709.565879 0.199903 0.452755 0.349260 0.768344 0.631602 0.084285 0.060193
1724138709.599193 0.211410 0.448894 0.356299 0.768324 0.638238 0.033146 0.035086
1724138709.632498 0.224385 0.446576 0.362275 0.765718 0.643094 -0.003732 0.009609
1724138709.665784 0.238569 0.445541 0.367672 0.762052 0.646329 -0.033255 -0.020710
1724138709.699069 0.253306 0.445485 0.373018 0.757893 0.647446 -0.062835 -0.049625
1724138709.732336 0.268407 0.445398 0.377324 0.751220 0.649828 -0.086886 -0.076443
1724138709.765602 0.283409 0.445524 0.380891 0.742217 0.653843 -0.106381 -0.101420
1724138709.798869 0.297998 0.445987 0.383789 0.732269 0.657787 -0.123931 -0.125455
1724138709.832144 0.312070 0.447408 0.387014 0.724412 0.657878 -0.139269 -0.151750
1724138709.865421 0.325875 0.448930 0.390284 0.717485 0.656248 -0.154816 -0.174886
1724138709.898697 0.339152 0.449990 0.393357 0.708494 0.656273 -0.167157 -0.198496
1724138709.931973 0.351002 0.451007 0.396113 0.698800 0.657145 -0.173980 -0.222642
1724138709.965249 0.361311 0.451942 0.398768 0.688409 0.658858 -0.177689 -0.245816
1724138709.998531 0.369201 0.451813 0.401583 0.676076 0.663237 -0.181996 -0.264417
1724138710.031807 0.374604 0.451127 0.404857 0.665857 0.666630 -0.187314 -0.277765
1724138710.065083 0.378029 0.450603 0.407532 0.661370 0.667543 -0.193159 -0.282251
1724138710.098359 0.379277 0.449818 0.409070 0.660241 0.668769 -0.198190 -0.278480
1724138710.131635 0.378670 0.449037 0.408845 0.660833 0.671900 -0.197518 -0.269882
1724138710.164921 0.376260 0.448889 0.406157 0.663961 0.675962 -0.187728 -0.258821
1724138710.198207 0.372786 0.449036 0.401558 0.667933 0.682370 -0.171360 -0.242636
1724138710.231492 0.369264 0.448761 0.395840 0.671896 0.691281 -0.154084 -0.216666
1724138710.264778 0.365159 0.448978 0.388869 0.679149 0.698213 -0.133120 -0.183126
1724138710.298083 0.359841 0.449340 0.381284 0.689833 0.700948 -0.106930 -0.146181
1724138710.331388 0.353383 0.449717 0.372381 0.703577 0.698764 -0.077553 -0.103416
1724138710.364702 0.346536 0.449636 0.362932 0.717504 0.692651 -0.042411 -0.060203
1724138710.398036 0.338679 0.448988 0.355621 0.728769 0.684377 -0.007080 -0.021777
1724138710.431370 0.330045 0.448190 0.349444 0.737073 0.675119 0.026441 0.015465
1724138710.464724 0.320495 0.446960 0.344302 0.742156 0.665636 0.058241 0.052362
1724138710.498096 0.310184 0.445180 0.340818 0.745865 0.654136 0.086407 0.091243
1724138710.531489 0.298679 0.443661 0.337620 0.751652 0.637596 0.112663 0.125686
1724138710.564890 0.286591 0.442508 0.334958 0.754988 0.621456 0.138365 0.156973
1724138710.598302 0.274444 0.441422 0.332841 0.755084 0.606009 0.161702 0.190928
1724138710.631713 0.262329 0.440218 0.331012 0.752699 0.588898 0.187691 0.226750
1724138710.665124 0.249607 0.438918 0.329908 0.750611 0.567927 0.212836 0.262188
1724138710.698545 0.236527 0.437481 0.330052 0.746273 0.549009 0.233456 0.295234
1724138710.731956 0.223498 0.435323 0.331579 0.738040 0.535868 0.251035 0.324229
1724138710.765368 0.210468 0.433014 0.333627 0.727795 0.522269 0.272817 0.350884
1724138710.798779 0.196782 0.430104 0.336326 0.721332 0.504891 0.289677 0.375303
1724138710.832181 0.182520 0.426295 0.339074 0.720141 0.487129 0.294873 0.396424
1724138710.865583 0.169574 0.424007 0.340134 0.717956 0.478638 0.300202 0.406601
1724138710.898965 0.157595 0.422933 0.339093 0.716304 0.478179 0.303517 0.407591
1724138710.932357 0.145742 0.422761 0.336338 0.720035 0.481344 0.296876 0.402146
1724138710.965730 0.133853 0.423692 0.332773 0.729526 0.486260 0.278211 0.392354
1724138710.999108 0.121819 0.425364 0.329958 0.739906 0.495232 0.248041 0.381785
1724138711.032471 0.110339 0.427623 0.328864 0.747151 0.508947 0.211478 0.371503
1724138711.065824 0.099880 0.431479 0.329644 0.752738 0.522757 0.171633 0.361460
1724138711.099178 0.089963 0.437395 0.332053 0.756057 0.536742 0.130598 0.351040
1724138711.132512 0.080481 0.444770 0.335839 0.756803 0.546310 0.083217 0.349097
1724138711.165846 0.071122 0.453815 0.341448 0.755281 0.549257 0.029896 0.356333
1724138711.199160 0.063813 0.465645 0.347429 0.750810 0.554453 -0.011573 0.358792
1724138711.232465 0.058786 0.480164 0.352730 0.743478 0.565754 -0.039449 0.354410
1724138711.265751 0.054800 0.496933 0.357632 0.736326 0.576854 -0.061624 0.348232
1724138711.299027 0.051633 0.514801 0.362032 0.729880 0.584970 -0.082287 0.343968
1724138711.332293 0.049001 0.533525 0.365410 0.725092 0.592317 -0.099576 0.336877
1724138711.365550 0.046113 0.553031 0.368945 0.720393 0.599723 -0.115615 0.328632
1724138711.398797 0.043207 0.572358 0.372593 0.714739 0.604595 -0.132519 0.325654
1724138711.432034 0.041054 0.591153 0.376231 0.706658 0.611363 -0.147916 0.324023
1724138711.465272 0.040051 0.610453 0.379687 0.700059 0.618156 -0.160973 0.319199
1724138711.498490 0.039457 0.629604 0.383597 0.693335 0.623066 -0.175295 0.316776
1724138711.531727 0.039317 0.648558 0.387806 0.688281 0.628043 -0.188163 0.310525
1724138711.564945 0.039799 0.667056 0.392115 0.685088 0.634501 -0.196027 0.299393
1724138711.598163 0.040962 0.685197 0.395967 0.683889 0.642394 -0.193487 0.286686
1724138711.631381 0.042762 0.702158 0.399706 0.682989 0.651923 -0.184892 0.272649
1724138711.664609 0.044438 0.716598 0.402551 0.682746 0.661084 -0.172556 0.258941
1724138711.697846 0.046509 0.727693 0.404713 0.684479 0.668374 -0.158207 0.244408
1724138711.731102 0.048540 0.734763 0.405820 0.687804 0.674505 -0.141420 0.227965
1724138711.764436 0.050718 0.737975 0.405592 0.691899 0.679323 -0.124066 0.210721
1724138711.797771 0.052924 0.736857 0.404344 0.696611 0.682647 -0.107151 0.192987
1724138711.831105 0.054832 0.731407 0.402017 0.702075 0.684680 -0.090598 0.173482
1724138711.864478 0.056981 0.722309 0.398470 0.708121 0.686102 -0.071999 0.150483
1724138711.897812 0.058680 0.710781 0.393256 0.714158 0.687362 -0.049246 0.122825
1724138711.931146 0.059878 0.696816 0.387773 0.719307 0.688246 -0.024018 0.091315
1724138711.964480 0.060713 0.680572 0.381630 0.722784 0.688324 0.000444 0.061593
1724138711.997809 0.062072 0.663017 0.375005 0.724360 0.688061 0.026413 0.034303
1724138712.031153 0.063076 0.643750 0.368447 0.722060 0.689409 0.057705 0.003845
1724138712.064507 0.063159 0.621743 0.361885 0.719254 0.689464 0.083761 -0.017262
1724138712.097870 0.063075 0.597018 0.355136 0.717141 0.688734 0.101861 -0.031297
1724138712.131242 0.062672 0.570787 0.348222 0.715678 0.687151 0.117330 -0.043154
1724138712.164605 0.062512 0.544772 0.340803 0.711304 0.686293 0.140774 -0.056845
1724138712.197988 0.062183 0.518667 0.332904 0.706299 0.684983 0.165808 -0.066696
1724138712.231360 0.062374 0.493251 0.325421 0.704210 0.678645 0.194105 -0.076499
1724138712.264733 0.063065 0.467022 0.318217 0.700787 0.673596 0.220755 -0.080203
1724138712.298096 0.062871 0.440346 0.311746 0.696806 0.670886 0.240791 -0.079962
1724138712.331478 0.061918 0.415724 0.306671 0.687552 0.670642 0.263926 -0.088628
1724138712.364860 0.059522 0.391554 0.301904 0.678579 0.672775 0.280183 -0.091659
1724138712.398233 0.056345 0.367648 0.297317 0.672862 0.675621 0.286880 -0.092159
1724138712.431606 0.053050 0.344966 0.293603 0.670061 0.674384 0.295659 -0.093867
1724138712.464968 0.049596 0.323520 0.290267 0.672060 0.669664 0.302817 -0.090483
1724138712.498341 0.045867 0.303978 0.287495 0.673967 0.663734 0.311643 -0.090030
1724138712.531704 0.041968 0.285643 0.285508 0.678029 0.654531 0.321622 -0.091785
1724138712.565067 0.037590 0.267653 0.284293 0.685071 0.643550 0.329051 -0.090812
1724138712.598421 0.032721 0.249057 0.283655 0.696228 0.634773 0.324675 -0.083159
1724138712.631774 0.027509 0.230430 0.283712 0.711801 0.627677 0.308234 -0.065972
1724138712.665137 0.023149 0.214775 0.284931 0.727741 0.619649 0.290498 -0.045160
1724138712.698481 0.019755 0.204936 0.287451 0.738874 0.613867 0.276354 -0.029360
1724138712.731824 0.017607 0.202969 0.290021 0.744123 0.610115 0.271093 -0.023438
1724138712.765168 0.016799 0.207398 0.292792 0.747269 0.607238 0.268722 -0.025284
1724138712.798502 0.016439 0.215944 0.295574 0.751706 0.605531 0.259675 -0.028986
1724138712.831836 0.015915 0.226120 0.297988 0.759694 0.604537 0.238122 -0.026412
1724138712.865170 0.014692 0.237880 0.300408 0.767455 0.605988 0.208316 -0.019892
1724138712.898494 0.014091 0.251581 0.303722 0.774519 0.607173 0.176742 -0.014959
1724138712.931818 0.015369 0.268521 0.308318 0.780381 0.606446 0.151565 -0.016014
1724138712.965123 0.017764 0.288237 0.313632 0.785695 0.605554 0.125320 -0.016808
1724138712.998425 0.021477 0.309837 0.319152 0.789620 0.605868 0.096110 -0.013656
1724138713.031720 0.026421 0.333839 0.324818 0.793930 0.604068 0.068697 -0.007620
1724138713.065025 0.032609 0.359822 0.330390 0.796084 0.603430 0.046061 0.000828
1724138713.098320 0.039597 0.386188 0.335669 0.794439 0.606694 0.023466 0.015481
1724138713.131616 0.047248 0.410837 0.341188 0.790563 0.610947 -0.003821 0.041712
1724138713.164930 0.055334 0.433847 0.348084 0.783065 0.615771 -0.039676 0.077855
1724138713.198235 0.063568 0.456197 0.356511 0.771417 0.620604 -0.075190 0.118793
1724138713.231540 0.072081 0.478430 0.365069 0.757340 0.624970 -0.100585 0.160408
1724138713.264826 0.081231 0.500086 0.374675 0.743619 0.629775 -0.121895 0.188560
1724138713.298112 0.089665 0.522206 0.385622 0.728889 0.637129 -0.146419 0.203345
1724138713.331398 0.097277 0.545538 0.395560 0.716556 0.646122 -0.161846 0.207075
1724138713.364683 0.104787 0.568341 0.404576 0.706523 0.652226 -0.174447 0.212119
1724138713.397949 0.112484 0.591007 0.412992 0.697092 0.657722 -0.182589 0.219374
1724138713.431216 0.119549 0.614075 0.420545 0.689824 0.664019 -0.184235 0.221991
1724138713.464502 0.126217 0.637006 0.426270 0.685353 0.672823 -0.175804 0.216085
1724138713.497797 0.131926 0.659625 0.430083 0.684292 0.681596 -0.160318 0.203643
1724138713.531131 0.137149 0.681069 0.434034 0.686214 0.686230 -0.146728 0.191493
1724138713.564465 0.141735 0.699627 0.438602 0.688832 0.687770 -0.137790 0.183020
1724138713.597799 0.146044 0.715084 0.442824 0.691572 0.687171 -0.131898 0.179239
1724138713.631172 0.150323 0.728158 0.446045 0.695260 0.685970 -0.124691 0.174672
1724138713.664506 0.154703 0.737999 0.448245 0.698542 0.685904 -0.115733 0.167872
1724138713.697840 0.159527 0.744873 0.448452 0.702045 0.686853 -0.102417 0.157723
1724138713.731174 0.164399 0.748350 0.446463 0.705746 0.689406 -0.080447 0.142018
1724138713.764507 0.169655 0.747323 0.443548 0.707542 0.693424 -0.057199 0.123595
1724138713.797841 0.175802 0.741541 0.440699 0.707124 0.697368 -0.039462 0.109982
1724138713.831184 0.182152 0.731455 0.437412 0.706112 0.700625 -0.024427 0.099673
1724138713.864518 0.188630 0.717552 0.434325 0.704605 0.703962 -0.013322 0.088273
1724138713.897872 0.195125 0.701425 0.431290 0.704789 0.705177 -0.004815 0.077296
1724138713.931225 0.201670 0.684057 0.427660 0.706233 0.705009 0.006983 0.064413
1724138713.964588 0.208069 0.664342 0.423538 0.704484 0.707401 0.017476 0.054593
1724138713.997947 0.214913 0.642104 0.419699 0.703336 0.708759 0.021856 0.050022
1724138714.031301 0.222480 0.619988 0.414943 0.703469 0.708849 0.034365 0.038507
1724138714.064674 0.230693 0.597598 0.409320 0.699095 0.712936 0.049759 0.022621
1724138714.098037 0.239182 0.574975 0.403571 0.691745 0.718996 0.067314 0.001721
1724138714.131409 0.248122 0.552718 0.398440 0.684703 0.723681 0.083917 -0.020642
1724138714.164773 0.257050 0.531620 0.393346 0.675984 0.728275 0.102627 -0.046146
1724138714.198145 0.265411 0.512106 0.389357 0.665380 0.731708 0.125354 -0.078475
1724138714.231518 0.272490 0.491892 0.386685 0.655785 0.733321 0.143568 -0.107588
1724138714.264890 0.278185 0.471137 0.384069 0.645567 0.736202 0.155411 -0.130756
1724138714.298263 0.282916 0.450984 0.382386 0.634068 0.739767 0.162237 -0.156147
1724138714.331635 0.286852 0.430632 0.381235 0.622997 0.743383 0.164117 -0.179784
1724138714.365008 0.291112 0.410861 0.380068 0.614123 0.746703 0.160502 -0.198811
1724138714.398352 0.295915 0.391951 0.378800 0.608008 0.748882 0.154124 -0.213890
1724138714.431696 0.300979 0.373415 0.377007 0.603383 0.750011 0.150030 -0.225617
1724138714.465039 0.306329 0.355718 0.374025 0.601088 0.750176 0.149004 -0.231791
1724138714.498363 0.311809 0.338298 0.371029 0.601890 0.748935 0.147971 -0.234371
1724138714.531698 0.317741 0.321515 0.367345 0.605185 0.746125 0.151245 -0.232754
1724138714.565032 0.323005 0.305802 0.363685 0.611180 0.742574 0.155553 -0.225490
1724138714.598366 0.327325 0.292302 0.360922 0.619699 0.736764 0.160679 -0.217563
1724138714.631709 0.330988 0.281232 0.359750 0.630061 0.729531 0.163385 -0.210029
1724138714.665042 0.333701 0.273848 0.360276 0.640567 0.721510 0.163909 -0.205503
1724138714.698386 0.335999 0.271303 0.361769 0.649115 0.714204 0.163936 -0.204173
1724138714.731739 0.338483 0.273777 0.363208 0.655546 0.708156 0.165080 -0.203771
1724138714.765083 0.341536 0.280753 0.364173 0.659307 0.704240 0.168792 -0.202163
1724138714.798436 0.344848 0.290611 0.364895 0.661370 0.704264 0.167453 -0.196369
1724138714.831780 0.348757 0.303063 0.365483 0.665027 0.705740 0.158343 -0.186004
1724138714.865124 0.354101 0.319471 0.365856 0.668032 0.707537 0.151412 -0.173781
1724138714.898467 0.360088 0.339696 0.366345 0.670171 0.709768 0.146636 -0.159997
1724138714.931821 0.366492 0.362200 0.367370 0.671830 0.713681 0.137603 -0.142720
1724138714.965164 0.372894 0.386572 0.369283 0.674911 0.716435 0.126737 -0.123103
1724138714.998506 0.378651 0.412458 0.372460 0.682480 0.715042 0.113306 -0.100491
1724138715.031850 0.383189 0.437948 0.376985 0.695465 0.709839 0.088164 -0.068447
1724138715.065203 0.386826 0.462845 0.382721 0.710117 0.700910 0.058632 -0.031964
1724138715.098547 0.389286 0.487771 0.389252 0.722915 0.690194 0.031992 0.001685
1724138715.131890 0.390105 0.511122 0.396684 0.732960 0.679184 0.000756 0.038441
1724138715.165224 0.390082 0.533069 0.405033 0.741578 0.664893 -0.035341 0.082036
1724138715.198558 0.389913 0.554899 0.413079 0.748697 0.648732 -0.063540 0.120678
1724138715.231883 0.389927 0.575871 0.420084 0.753130 0.633177 -0.086468 0.156219
1724138715.265188 0.389257 0.595585 0.426651 0.758704 0.613268 -0.107702 0.191498
1724138715.298502 0.388042 0.614053 0.432979 0.764919 0.591137 -0.129747 0.220504
1724138715.331807 0.386745 0.631946 0.439337 0.770784 0.569253 -0.153829 0.241206
1724138715.365122 0.385942 0.648647 0.444594 0.773128 0.556652 -0.168202 0.253221
1724138715.398427 0.386628 0.663461 0.448498 0.770943 0.553874 -0.175876 0.260650
1724138715.431732 0.389521 0.675755 0.450554 0.764041 0.561381 -0.175209 0.265321
1724138715.465047 0.394219 0.685227 0.451585 0.754691 0.577009 -0.167862 0.263298
1724138715.498352 0.399089 0.691777 0.451529 0.744828 0.595493 -0.157957 0.256259
1724138715.531666 0.404174 0.695077 0.450551 0.734943 0.615810 -0.145410 0.243913
1724138715.564971 0.409185 0.694800 0.448482 0.724293 0.638602 -0.129198 0.225597
1724138715.598286 0.413774 0.691765 0.444609 0.715203 0.661565 -0.109891 0.196827
1724138715.631590 0.417324 0.685163 0.439464 0.707309 0.682835 -0.087957 0.160355
1724138715.664905 0.419537 0.674738 0.434736 0.700388 0.698855 -0.071221 0.126436
1724138715.698229 0.421886 0.659885 0.430135 0.692523 0.711409 -0.061802 0.102420
1724138715.731563 0.424217 0.641415 0.425376 0.684052 0.722152 -0.056615 0.085814
1724138715.764897 0.425861 0.621458 0.420399 0.675322 0.733154 -0.049436 0.063095
1724138715.798241 0.426690 0.600169 0.415725 0.668292 0.741874 -0.042014 0.035264
1724138715.831584 0.427122 0.576384 0.411784 0.661266 0.748895 -0.041052 0.014087
1724138715.864938 0.428169 0.550738 0.407827 0.655790 0.753613 -0.044644 0.003819
1724138715.898281 0.428334 0.525806 0.402871 0.654030 0.755230 -0.042089 -0.010059
1724138715.931625 0.427393 0.501317 0.397955 0.652022 0.756788 -0.034456 -0.030845
1724138715.964968 0.426230 0.476716 0.393068 0.649354 0.758542 -0.027645 -0.046790
1724138715.998300 0.424634 0.452659 0.387973 0.648710 0.758444 -0.019207 -0.059744
1724138716.031634 0.422514 0.430047 0.383224 0.652300 0.754333 -0.006971 -0.073745
1724138716.064968 0.419838 0.408346 0.378234 0.659720 0.747113 0.006644 -0.080924
1724138716.098311 0.416856 0.387020 0.373515 0.671742 0.737019 0.015981 -0.072865
1724138716.131655 0.414411 0.367500 0.370082 0.685271 0.726006 0.021750 -0.053359
1724138716.165008 0.411382 0.351158 0.366906 0.697508 0.715612 0.027612 -0.024893
1724138716.198362 0.407030 0.339647 0.364161 0.708189 0.705205 0.033497 0.005673
1724138716.231725 0.402525 0.334162 0.361505 0.716967 0.694721 0.046644 0.033839
1724138716.265097 0.398494 0.333113 0.359377 0.722515 0.685251 0.062586 0.066973
1724138716.298470 0.394494 0.335860 0.358139 0.726342 0.674507 0.079726 0.105408
1724138716.331852 0.391433 0.342429 0.357325 0.730527 0.659870 0.108211 0.138536
1724138716.365244 0.388040 0.351767 0.357150 0.735193 0.641083 0.145279 0.165523
1724138716.398656 0.383862 0.361371 0.358399 0.738583 0.620620 0.178939 0.193149
1724138716.432077 0.378208 0.370069 0.360441 0.741412 0.598767 0.204274 0.223739
1724138716.465498 0.370791 0.377344 0.362917 0.745658 0.573996 0.221144 0.256162
1724138716.498919 0.361181 0.383416 0.365910 0.752274 0.545362 0.231018 0.288608
1724138716.532330 0.350232 0.388599 0.368864 0.756269 0.520355 0.236838 0.318112
1724138716.565741 0.337947 0.393187 0.370901 0.757249 0.499096 0.239101 0.346854
1724138716.599132 0.324652 0.396684 0.373161 0.755882 0.480807 0.235444 0.376873
1724138716.632524 0.310351 0.399875 0.375539 0.753749 0.464438 0.232214 0.402785
1724138716.665906 0.295780 0.402709 0.377586 0.751131 0.450944 0.230596 0.423411
1724138716.699289 0.280426 0.404776 0.379437 0.748215 0.438044 0.226804 0.443680
1724138716.732662 0.264577 0.406328 0.380351 0.747554 0.427208 0.222898 0.457136
1724138716.766034 0.249373 0.407946 0.379251 0.748288 0.424959 0.220278 0.459297
1724138716.799407 0.235333 0.410815 0.375483 0.750420 0.433866 0.215673 0.449572
1724138716.832770 0.221711 0.414681 0.369182 0.754260 0.454295 0.208341 0.425795
1724138716.866133 0.207821 0.419107 0.362165 0.761727 0.480128 0.194375 0.389188
1724138716.899496 0.193754 0.423758 0.356944 0.770711 0.509082 0.171878 0.342488
1724138716.932849 0.179758 0.428446 0.354009 0.775543 0.541756 0.140838 0.291887
1724138716.966193 0.165411 0.431855 0.353310 0.776316 0.572762 0.101923 0.242670
1724138716.999524 0.151685 0.434448 0.355360 0.776265 0.596971 0.056093 0.194659
1724138717.032848 0.139592 0.435970 0.359868 0.770601 0.618908 0.006942 0.151919
1724138717.066153 0.128834 0.437125 0.365321 0.760583 0.638349 -0.043088 0.110309
1724138717.099429 0.120424 0.438412 0.371476 0.749737 0.651975 -0.087906 0.071381
1724138717.132676 0.113408 0.438829 0.378244 0.735990 0.662814 -0.131874 0.040075
1724138717.165904 0.107258 0.439954 0.385211 0.723245 0.668331 -0.173659 0.009585
1724138717.199122 0.101238 0.441099 0.392331 0.709476 0.671905 -0.211559 -0.020751
1724138717.232330 0.095484 0.440877 0.399569 0.693044 0.675434 -0.247730 -0.045919
1724138717.265529 0.090423 0.441279 0.406324 0.680140 0.673874 -0.280162 -0.069376
1724138717.298737 0.084904 0.442422 0.412367 0.671562 0.668220 -0.306180 -0.093482
1724138717.331955 0.080360 0.443972 0.417882 0.662683 0.663031 -0.329713 -0.111940
1724138717.365183 0.077140 0.445060 0.421490 0.654746 0.659494 -0.349814 -0.118347
1724138717.398401 0.074528 0.446776 0.422240 0.649713 0.658812 -0.361960 -0.113244
1724138717.431619 0.072136 0.448989 0.420280 0.647864 0.661283 -0.365680 -0.096205
1724138717.464837 0.069859 0.452745 0.416276 0.651506 0.662846 -0.362709 -0.067953
1724138717.498055 0.067661 0.458482 0.410628 0.660855 0.662071 -0.351532 -0.036846
1724138717.531281 0.066819 0.465787 0.404763 0.672891 0.658811 -0.336416 -0.003205
1724138717.564528 0.065723 0.471854 0.400577 0.685423 0.651354 -0.322722 0.042234
1724138717.597824 0.066091 0.478928 0.398499 0.695239 0.640761 -0.314130 0.085972
1724138717.631158 0.066475 0.485933 0.398006 0.703101 0.629293 -0.305497 0.127710
1724138717.664443 0.067560 0.493193 0.400302 0.705445 0.617653 -0.302824 0.170736
1724138717.697778 0.069071 0.501411 0.404601 0.703923 0.605703 -0.305709 0.210138
1724138717.731112 0.071284 0.511385 0.409417 0.700975 0.593914 -0.310628 0.243742
1724138717.764446 0.073631 0.522178 0.414293 0.696857 0.586349 -0.313943 0.268374
1724138717.797780 0.076166 0.533949 0.419939 0.691871 0.580459 -0.319851 0.286490
1724138717.831114 0.078626 0.546151 0.425644 0.686535 0.574879 -0.326071 0.303087
1724138717.864448 0.081705 0.558838 0.429044 0.684418 0.574566 -0.324957 0.309594
1724138717.897782 0.085067 0.571396 0.431229 0.683407 0.576757 -0.320433 0.312455
1724138717.931116 0.088595 0.582278 0.433027 0.682171 0.576781 -0.316511 0.319043
1724138717.964450 0.093035 0.591391 0.435305 0.677134 0.579162 -0.314281 0.327550
1724138717.997781 0.098004 0.599124 0.437695 0.669733 0.584696 -0.312438 0.334620
1724138718.031115 0.102867 0.605625 0.438746 0.665208 0.594730 -0.304097 0.333646
1724138718.064449 0.107496 0.610838 0.441862 0.659390 0.602681 -0.298793 0.335713
1724138718.097783 0.111560 0.613905 0.446551 0.653208 0.607985 -0.298808 0.338213
1724138718.131117 0.114963 0.615713 0.449036 0.652243 0.617724 -0.291072 0.329049
1724138718.164451 0.117745 0.616002 0.450649 0.654623 0.630311 -0.279364 0.310052
1724138718.197785 0.120076 0.614464 0.453204 0.658940 0.640634 -0.267903 0.289161
1724138718.231119 0.121975 0.610960 0.458082 0.663393 0.648786 -0.258414 0.268715
1724138718.264501 0.124238 0.605841 0.464428 0.667974 0.658436 -0.246669 0.243776
1724138718.297835 0.126672 0.599590 0.471628 0.675321 0.665347 -0.232027 0.217758
1724138718.331169 0.129360 0.592435 0.479410 0.684910 0.670840 -0.212916 0.188519
1724138718.364503 0.132119 0.583990 0.488300 0.694257 0.675815 -0.191839 0.156461
1724138718.397837 0.135495 0.574191 0.497630 0.702970 0.679048 -0.169252 0.126808
1724138718.431210 0.139137 0.563520 0.507151 0.711943 0.680312 -0.143639 0.098385
1724138718.464544 0.144451 0.553015 0.516910 0.718865 0.682404 -0.113002 0.069201
1724138718.497877 0.150563 0.540837 0.527863 0.720911 0.686154 -0.083448 0.050163
1724138718.531250 0.156478 0.528275 0.539507 0.723665 0.686629 -0.060003 0.035340
1724138718.564584 0.162682 0.517137 0.550253 0.725988 0.686681 -0.033169 0.017618
1724138718.597918 0.168788 0.506349 0.560799 0.724923 0.688805 -0.004962 0.003079
1724138718.631252 0.174566 0.496394 0.571528 0.725828 0.687507 0.020588 -0.009105
1724138718.664586 0.179483 0.486765 0.582190 0.727993 0.684166 0.040989 -0.016213
1724138718.697929 0.183991 0.477200 0.593430 0.730095 0.680854 0.054912 -0.019581
1724138718.731282 0.187642 0.468761 0.604578 0.730136 0.679074 0.071393 -0.025738
1724138718.764636 0.190833 0.461271 0.615700 0.726077 0.680694 0.090088 -0.036765
1724138718.797989 0.193161 0.453442 0.626871 0.720556 0.684011 0.103949 -0.046068
1724138718.831352 0.194817 0.445424 0.637542 0.715167 0.687943 0.111940 -0.052348
1724138718.864706 0.195601 0.437501 0.647384 0.709081 0.693195 0.115606 -0.057628
1724138718.898059 0.195708 0.430192 0.656336 0.703963 0.698126 0.114965 -0.061956
1724138718.931412 0.195493 0.424065 0.663174 0.699704 0.702552 0.113097 -0.063594
1724138718.964756 0.195766 0.419819 0.667717 0.696304 0.705677 0.113736 -0.065153
1724138718.998086 0.196250 0.417109 0.669568 0.693935 0.707653 0.115461 -0.065954
1724138719.031420 0.197789 0.415785 0.668417 0.694090 0.707925 0.115374 -0.061410
1724138719.064754 0.199449 0.416357 0.665106 0.696336 0.706394 0.113708 -0.056519
1724138719.098089 0.200875 0.418161 0.660210 0.699452 0.704110 0.110213 -0.053379
1724138719.131423 0.201631 0.420294 0.653190 0.704398 0.701062 0.101515 -0.045059
1724138719.164757 0.202543 0.422455 0.644287 0.711856 0.696378 0.086192 -0.029833
1724138719.198091 0.203959 0.425569 0.633672 0.719155 0.691076 0.070966 -0.013920
1724138719.231425 0.205517 0.428516 0.621311 0.724395 0.687036 0.056744 0.003690
1724138719.264759 0.206229 0.430224 0.607808 0.730637 0.681169 0.034089 0.031892
1724138719.298093 0.206349 0.431940 0.594222 0.740063 0.669497 0.005675 0.063625
1724138719.331417 0.205222 0.433210 0.580587 0.747781 0.656936 -0.024902 0.092946
1724138719.364742 0.203935 0.433463 0.567028 0.752686 0.643172 -0.061643 0.126463
1724138719.398066 0.202521 0.434367 0.552793 0.757749 0.626547 -0.096061 0.155008
1724138719.431390 0.201091 0.434540 0.538470 0.757893 0.615914 -0.126303 0.174054
1724138719.464705 0.200348 0.433303 0.524488 0.752560 0.608434 -0.158158 0.196083
1724138719.498019 0.199603 0.433861 0.508953 0.749266 0.601220 -0.181691 0.210055
1724138719.531313 0.198792 0.434628 0.492432 0.744704 0.601270 -0.198394 0.211021
1724138719.564600 0.198418 0.433947 0.476972 0.738301 0.600653 -0.218100 0.215778
1724138719.597894 0.197374 0.433026 0.461957 0.734256 0.592221 -0.240138 0.229077
1724138719.631228 0.195710 0.432218 0.447246 0.731074 0.583347 -0.260222 0.239835
1724138719.664562 0.194947 0.431247 0.433604 0.725803 0.578294 -0.277556 0.248491
1724138719.697896 0.194047 0.430246 0.421284 0.721485 0.573352 -0.291119 0.256858
1724138719.731192 0.192434 0.429106 0.410298 0.718396 0.565295 -0.304572 0.267553
1724138719.764526 0.190332 0.428167 0.400024 0.717328 0.559879 -0.312705 0.272380
1724138719.797860 0.188166 0.428218 0.390649 0.717956 0.560636 -0.313942 0.267705
1724138719.831194 0.185915 0.428697 0.383729 0.717161 0.563736 -0.314172 0.263017
1724138719.864528 0.183658 0.429874 0.378196 0.717081 0.570100 -0.309487 0.254948
1724138719.897862 0.181209 0.432331 0.373154 0.718021 0.584263 -0.296391 0.235022
1724138719.931196 0.179041 0.437029 0.368277 0.720445 0.602953 -0.273358 0.206596
1724138719.964529 0.176925 0.443979 0.365329 0.726293 0.618294 -0.244276 0.174755
1724138719.997901 0.174857 0.451739 0.365671 0.731822 0.630325 -0.216573 0.142204
1724138720.031235 0.173015 0.460210 0.368173 0.736384 0.641031 -0.186759 0.109261
1724138720.064569 0.171305 0.469003 0.372300 0.741564 0.648215 -0.153123 0.080335
1724138720.097942 0.170131 0.478124 0.378466 0.744835 0.655037 -0.117444 0.048512
1724138720.131276 0.169601 0.487240 0.387174 0.744625 0.662571 -0.079246 0.015904
1724138720.164610 0.169013 0.495026 0.398169 0.742273 0.668527 -0.044251 -0.012002
1724138720.197963 0.168431 0.501367 0.411648 0.736301 0.675378 -0.012897 -0.039484
1724138720.231326 0.168129 0.505392 0.427457 0.728522 0.682010 0.012614 -0.062923
1724138720.264688 0.167383 0.508070 0.444420 0.723685 0.684309 0.035086 -0.082286
1724138720.298052 0.166577 0.509377 0.463130 0.717092 0.686550 0.057742 -0.105332
1724138720.331415 0.165686 0.507564 0.483461 0.708554 0.690541 0.073543 -0.125287
1724138720.364768 0.164919 0.503733 0.503790 0.702978 0.692253 0.085531 -0.138896
1724138720.398122 0.165350 0.498640 0.523423 0.699291 0.693079 0.097300 -0.145486
1724138720.431474 0.166560 0.493235 0.542145 0.694715 0.693927 0.114923 -0.150428
1724138720.464827 0.168244 0.487548 0.560343 0.692629 0.692451 0.132315 -0.152541
1724138720.498171 0.170614 0.481393 0.577843 0.692336 0.689998 0.148995 -0.149581
1724138720.531524 0.172982 0.475332 0.594656 0.691269 0.687416 0.167975 -0.146256
1724138720.564878 0.175115 0.469653 0.611353 0.688870 0.684810 0.187527 -0.146041
1724138720.598221 0.176011 0.463747 0.627198 0.687274 0.681954 0.203845 -0.145055
1724138720.631575 0.176608 0.457761 0.641849 0.686140 0.679192 0.217725 -0.143201
1724138720.664927 0.176486 0.451766 0.655187 0.685671 0.676200 0.229609 -0.141029
1724138720.698291 0.176745 0.447007 0.666682 0.686486 0.671534 0.241480 -0.139526
1724138720.731653 0.177420 0.443312 0.675037 0.687726 0.666866 0.253159 -0.135036
1724138720.765017 0.179217 0.440821 0.679768 0.687928 0.662126 0.267818 -0.128909
1724138720.798380 0.181248 0.439387 0.681373 0.686236 0.660062 0.279577 -0.123432
1724138720.831743 0.182346 0.438340 0.680098 0.683212 0.660909 0.286089 -0.120726
1724138720.865106 0.182571 0.438145 0.676075 0.680942 0.662048 0.288334 -0.121959
1724138720.898478 0.182176 0.439623 0.669378 0.678398 0.663149 0.289383 -0.127548
1724138720.931850 0.181846 0.441494 0.659943 0.674688 0.665546 0.289159 -0.135023
1724138720.965213 0.181444 0.444195 0.647337 0.670780 0.669185 0.287295 -0.140384
1724138720.998574 0.180892 0.447846 0.632421 0.665503 0.674982 0.283435 -0.145495
1724138721.031927 0.179621 0.452280 0.615956 0.660004 0.680823 0.278281 -0.153082
1724138721.065281 0.178531 0.457888 0.598377 0.655299 0.685047 0.273241 -0.163195
1724138721.098624 0.177096 0.464056 0.578975 0.651063 0.689717 0.267573 -0.169742
1724138721.131958 0.175719 0.471464 0.558671 0.649787 0.691013 0.263476 -0.175665
1724138721.165302 0.173942 0.478916 0.538280 0.650818 0.691627 0.255286 -0.181431
1724138721.198655 0.172815 0.485118 0.517674 0.650812 0.696055 0.241256 -0.183703
1724138721.231999 0.172078 0.491839 0.496325 0.653391 0.698146 0.230584 -0.180289
1724138721.265333 0.171904 0.498988 0.475381 0.655349 0.699460 0.222362 -0.178406
1724138721.298676 0.172254 0.504571 0.455438 0.656796 0.702506 0.210378 -0.175628
1724138721.332020 0.172935 0.509753 0.436062 0.660206 0.705499 0.195565 -0.167790
1724138721.365364 0.174555 0.515556 0.417713 0.659864 0.709793 0.184134 -0.163914
1724138721.398708 0.176857 0.521390 0.400194 0.658798 0.713155 0.178142 -0.160187
1724138721.432042 0.179107 0.527030 0.383846 0.662592 0.713009 0.169856 -0.154075
1724138721.465374 0.181239 0.532632 0.369826 0.668824 0.710247 0.159629 -0.150802
1724138721.498708 0.183323 0.538056 0.357641 0.673902 0.706760 0.154417 -0.150009
1724138721.532062 0.184656 0.543540 0.347414 0.679951 0.701652 0.152065 -0.149088
1724138721.565406 0.185487 0.548820 0.339733 0.687412 0.694465 0.149685 -0.150919
1724138721.598759 0.185691 0.552294 0.334986 0.696478 0.687179 0.142278 -0.149868
1724138721.632102 0.185318 0.554271 0.332995 0.705346 0.680967 0.131505 -0.146552
1724138721.665456 0.184385 0.555588 0.333593 0.712043 0.676174 0.122343 -0.144277
1724138721.698809 0.183228 0.556901 0.336689 0.716576 0.672894 0.115548 -0.142761
1724138721.732153 0.181639 0.558039 0.342366 0.719826 0.671248 0.108974 -0.139287
1724138721.765497 0.180084 0.558816 0.350452 0.722093 0.670118 0.104811 -0.136151
1724138721.798831 0.178389 0.559218 0.361051 0.726022 0.668499 0.097094 -0.128735
1724138721.832165 0.176384 0.559521 0.374568 0.730387 0.666326 0.087570 -0.121968
1724138721.865499 0.174556 0.559692 0.390269 0.731535 0.666781 0.079223 -0.118251
1724138721.898822 0.172449 0.558606 0.407588 0.731896 0.669384 0.065759 -0.109218
1724138721.932156 0.170334 0.556072 0.427194 0.730302 0.673554 0.050827 -0.101977
1724138721.965471 0.168572 0.552309 0.448493 0.728085 0.678088 0.033832 -0.094568
1724138721.998793 0.167252 0.547380 0.470161 0.727695 0.680500 0.019198 -0.083732
1724138722.032098 0.166071 0.541880 0.492000 0.729963 0.679821 0.007105 -0.070331
1724138722.065403 0.164774 0.535312 0.514719 0.735178 0.675600 -0.008587 -0.054817
1724138722.098698 0.163747 0.528615 0.536621 0.741960 0.669039 -0.020551 -0.038213
1724138722.132003 0.163210 0.522841 0.556992 0.750517 0.659995 -0.024247 -0.023321
1724138722.165298 0.162766 0.518139 0.576142 0.759698 0.649798 -0.022120 -0.011472
1724138722.198584 0.162507 0.513892 0.594147 0.769191 0.638851 -0.014594 -0.001412
1724138722.231889 0.161870 0.509470 0.611012 0.778114 0.628040 -0.004772 0.008999
1724138722.265194 0.160080 0.504396 0.627605 0.787725 0.615711 0.000805 0.019717
1724138722.298509 0.158892 0.499066 0.643545 0.794355 0.606820 0.008353 0.026435
1724138722.331833 0.158018 0.493126 0.658315 0.797587 0.602012 0.018827 0.032901
1724138722.365167 0.157154 0.486468 0.672754 0.798524 0.600022 0.026345 0.040488
1724138722.398491 0.155728 0.479892 0.686436 0.797061 0.601262 0.033803 0.045112
1724138722.431824 0.154701 0.473143 0.699575 0.793298 0.605684 0.041389 0.045964
1724138722.465168 0.153776 0.465736 0.711978 0.788012 0.612125 0.046821 0.046341
1724138722.498502 0.153490 0.457926 0.723383 0.782927 0.618281 0.048866 0.048649
1724138722.531826 0.154897 0.451058 0.732683 0.778339 0.623447 0.052805 0.052095
1724138722.565161 0.158246 0.444715 0.740006 0.773454 0.628375 0.059970 0.057596
1724138722.598495 0.162717 0.439302 0.745909 0.769771 0.631432 0.068090 0.064107
1724138722.631829 0.167394 0.435407 0.750493 0.766959 0.633530 0.075326 0.068845
1724138722.665163 0.171281 0.432750 0.754152 0.764989 0.635392 0.079467 0.068952
1724138722.698497 0.174503 0.430734 0.756947 0.763077 0.637656 0.080308 0.068260
1724138722.731831 0.178951 0.428944 0.757843 0.760810 0.640200 0.081929 0.067819
1724138722.765165 0.183841 0.428310 0.756144 0.758727 0.642127 0.086047 0.067839
1724138722.798489 0.188724 0.428318 0.752642 0.758614 0.642111 0.087682 0.067153
1724138722.831813 0.192909 0.428438 0.747018 0.758061 0.642895 0.087329 0.066353
1724138722.865146 0.197502 0.429139 0.738234 0.758192 0.642301 0.088782 0.068650
1724138722.898480 0.202235 0.430414 0.726795 0.759857 0.639699 0.092359 0.069796
1724138722.931824 0.207312 0.432331 0.713230 0.761510 0.636986 0.096546 0.070925
1724138722.965158 0.212722 0.434290 0.697482 0.760943 0.636041 0.102363 0.077063
1724138722.998500 0.219338 0.436730 0.679430 0.757874 0.636886 0.113410 0.084501
1724138723.031853 0.225472 0.439177 0.659601 0.752300 0.639112 0.128912 0.094664
1724138723.065206 0.230826 0.442732 0.639409 0.745159 0.642276 0.146379 0.103891
1724138723.098569 0.235246 0.446645 0.619187 0.736169 0.646205 0.169102 0.108989
1724138723.131952 0.239207 0.450313 0.599011 0.724554 0.650475 0.195328 0.117266
1724138723.165334 0.242807 0.453213 0.580286 0.715014 0.651570 0.217009 0.130842
1724138723.198726 0.245130 0.455166 0.563122 0.710168 0.647291 0.233705 0.148518
1724138723.232128 0.247101 0.456815 0.547859 0.705633 0.641053 0.251608 0.166813
1724138723.265529 0.248356 0.458437 0.534121 0.699411 0.635623 0.270184 0.183870
1724138723.298940 0.248570 0.457695 0.521803 0.695649 0.627994 0.282104 0.205216
1724138723.332352 0.248009 0.456610 0.510084 0.696888 0.614542 0.292239 0.226453
1724138723.365763 0.247136 0.454907 0.499343 0.697867 0.603475 0.299540 0.243054
1724138723.399174 0.245375 0.452040 0.489407 0.701720 0.593363 0.300111 0.255816
1724138723.432585 0.242746 0.449593 0.479408 0.709341 0.582445 0.298371 0.261857
1724138723.465987 0.239837 0.447638 0.469785 0.717723 0.575690 0.292319 0.260777
1724138723.499378 0.236055 0.446417 0.459951 0.726216 0.573117 0.284979 0.250868
1724138723.532771 0.231246 0.446013 0.450524 0.736453 0.573186 0.272634 0.234020
1724138723.566143 0.225448 0.446946 0.442514 0.747997 0.577063 0.252216 0.209489
1724138723.599516 0.219306 0.450261 0.435711 0.757152 0.586091 0.231780 0.171746
1724138723.632869 0.211909 0.454115 0.431145 0.765644 0.596589 0.201405 0.131558
1724138723.666223 0.203001 0.458071 0.429227 0.772452 0.607651 0.161550 0.089331
1724138723.699557 0.194153 0.462808 0.429786 0.775288 0.618583 0.119357 0.045137
1724138723.732871 0.186259 0.467544 0.431507 0.774216 0.628359 0.075855 0.000225
1724138723.766176 0.179455 0.470903 0.434274 0.768762 0.637828 0.028699 -0.036834
1724138723.799462 0.174749 0.474931 0.436707 0.762193 0.643637 -0.014835 -0.067623
1724138723.832738 0.170954 0.480269 0.437639 0.758132 0.644244 -0.050712 -0.087261
1724138723.865993 0.167976 0.485059 0.437724 0.755407 0.644035 -0.088949 -0.081658
1724138723.899250 0.166876 0.490192 0.437466 0.751794 0.644266 -0.129468 -0.054448
1724138723.932507 0.166324 0.496929 0.437948 0.747120 0.642586 -0.168980 -0.018471
1724138723.965754 0.166389 0.506602 0.439401 0.743137 0.639059 -0.197795 0.015123
1724138723.998990 0.167077 0.518748 0.441277 0.737410 0.638301 -0.216911 0.041810
1724138724.032228 0.168125 0.533358 0.442772 0.731988 0.639433 -0.226858 0.062079
1724138724.065455 0.168247 0.550330 0.443234 0.729399 0.640288 -0.227827 0.078127
1724138724.098683 0.167858 0.568442 0.443053 0.727771 0.642371 -0.222408 0.090796
1724138724.131920 0.167987 0.586691 0.443124 0.723779 0.647861 -0.213832 0.103425
1724138724.165158 0.167527 0.604299 0.444154 0.718876 0.651829 -0.206969 0.124500
1724138724.198395 0.164769 0.620871 0.446939 0.716055 0.649057 -0.206415 0.152915
1724138724.231642 0.161531 0.636757 0.450936 0.711647 0.643690 -0.209572 0.187886
1724138724.264889 0.158216 0.652525 0.455174 0.708874 0.636307 -0.211421 0.218887
1724138724.298136 0.154047 0.668825 0.458127 0.708752 0.630225 -0.208697 0.238604
1724138724.331393 0.149122 0.684914 0.459863 0.709838 0.628536 -0.198617 0.248242
1724138724.364679 0.143162 0.700168 0.461281 0.711927 0.626560 -0.187209 0.255999
1724138724.397974 0.136170 0.714057 0.462009 0.715849 0.622550 -0.177873 0.261445
1724138724.431307 0.128423 0.726111 0.461301 0.720021 0.621173 -0.166042 0.261045
1724138724.464641 0.120226 0.736375 0.459616 0.723901 0.622701 -0.151664 0.255359
1724138724.497975 0.111804 0.744512 0.457628 0.727633 0.623562 -0.138127 0.250285
1724138724.531348 0.103081 0.750141 0.454822 0.731351 0.623772 -0.124188 0.246196
1724138724.564682 0.094676 0.752990 0.450937 0.734089 0.626121 -0.107822 0.239708
1724138724.598016 0.087153 0.752822 0.446299 0.735235 0.630082 -0.087151 0.234160
1724138724.631350 0.079456 0.750056 0.441119 0.738876 0.628598 -0.061596 0.234804
1724138724.664684 0.071545 0.744172 0.436059 0.743546 0.622599 -0.038603 0.240874
1724138724.698018 0.064042 0.735616 0.430689 0.747479 0.616891 -0.015577 0.245923
1724138724.731361 0.058258 0.725740 0.424696 0.750335 0.613641 0.013332 0.245490
1724138724.764705 0.052414 0.714471 0.418798 0.753250 0.609752 0.040937 0.243191
1724138724.798058 0.046581 0.701515 0.412883 0.755608 0.605265 0.066230 0.241506
1724138724.831429 0.041288 0.687467 0.407065 0.756607 0.601223 0.090802 0.240481
1724138724.864803 0.037382 0.672437 0.401201 0.756313 0.596553 0.115202 0.242576
1724138724.898185 0.034125 0.656766 0.395039 0.755239 0.589363 0.143704 0.248223
1724138724.931587 0.031004 0.641176 0.389315 0.755529 0.578508 0.167216 0.257960
1724138724.964988 0.030040 0.626364 0.383505 0.748940 0.573532 0.198684 0.265846
1724138724.998407 0.030188 0.611063 0.378513 0.735470 0.574978 0.226054 0.278177
1724138725.031837 0.030840 0.594974 0.374424 0.719131 0.582283 0.240268 0.293374
1724138725.065268 0.033217 0.579826 0.370907 0.694925 0.600204 0.247841 0.308884
1724138725.098709 0.036589 0.566230 0.368566 0.661668 0.627540 0.253981 0.322308
1724138725.132139 0.042142 0.554480 0.367806 0.619999 0.661482 0.256109 0.335338
1724138725.165570 0.048428 0.545078 0.368046 0.571321 0.699429 0.253719 0.346435
1724138725.198991 0.055515 0.538008 0.369373 0.519767 0.736287 0.249232 0.354411
1724138725.232412 0.062524 0.532616 0.371303 0.467924 0.768738 0.245828 0.360080
1724138725.265833 0.069273 0.528044 0.373713 0.420124 0.794823 0.242219 0.364805
1724138725.299254 0.075979 0.523807 0.376558 0.381055 0.811116 0.239391 0.373605
1724138725.332685 0.081884 0.520318 0.379281 0.349353 0.819963 0.240010 0.384717
1724138725.366096 0.086676 0.517801 0.380799 0.324903 0.824771 0.246355 0.391790
1724138725.399507 0.090311 0.516108 0.381345 0.306509 0.828456 0.256133 0.392567
1724138725.432908 0.092773 0.514679 0.380954 0.295002 0.831087 0.265728 0.389431
1724138725.466310 0.094300 0.512874 0.380350 0.290640 0.831716 0.271277 0.387538
1724138725.499692 0.095279 0.510658 0.379498 0.291556 0.833713 0.269931 0.383478
1724138725.533074 0.095955 0.508386 0.378376 0.296931 0.838459 0.258504 0.376820
1724138725.566457 0.097023 0.505187 0.377642 0.306306 0.844443 0.235177 0.371192
1724138725.599829 0.098213 0.501404 0.377061 0.322365 0.851593 0.204268 0.359368
1724138725.633192 0.099550 0.498424 0.376443 0.343769 0.859411 0.169065 0.338604
1724138725.666546 0.100462 0.497109 0.375529 0.365916 0.870600 0.134590 0.300076
1724138725.699889 0.100583 0.496814 0.375536 0.387542 0.879701 0.100545 0.256571
1724138725.733214 0.101773 0.496432 0.376464 0.407796 0.884549 0.067253 0.216225
1724138725.766519 0.103753 0.495424 0.377905 0.428078 0.885003 0.036196 0.179467
1724138725.799794 0.106397 0.494553 0.379596 0.450795 0.880971 0.005947 0.143661
1724138725.833050 0.109215 0.493993 0.381586 0.474030 0.873937 -0.023459 0.104779
1724138725.866297 0.112258 0.493277 0.384162 0.498453 0.862680 -0.054121 0.066328
1724138725.899515 0.115621 0.491922 0.388036 0.522765 0.847128 -0.088715 0.034926
1724138725.932714 0.119380 0.490030 0.393147 0.544326 0.829137 -0.127416 0.002733
1724138725.965903 0.123564 0.487559 0.400364 0.560038 0.811296 -0.165081 -0.030073
1724138725.999080 0.128089 0.485192 0.407780 0.572726 0.793208 -0.197880 -0.060414
1724138726.032260 0.133264 0.483688 0.415414 0.586593 0.772508 -0.225431 -0.091217
1724138726.065449 0.139454 0.482450 0.421935 0.601931 0.751207 -0.245717 -0.113976
1724138726.098638 0.146377 0.482157 0.425955 0.617499 0.732369 -0.254950 -0.131644
1724138726.131856 0.153959 0.483280 0.426935 0.634819 0.715631 -0.252691 -0.144997
1724138726.165083 0.162482 0.485629 0.425100 0.652591 0.702270 -0.241588 -0.150259
1724138726.198320 0.172121 0.489237 0.420531 0.671645 0.691783 -0.223804 -0.142270
1724138726.231587 0.181815 0.493421 0.414180 0.695012 0.680032 -0.200500 -0.119640
1724138726.264863 0.191675 0.498156 0.407561 0.719571 0.665170 -0.176634 -0.092559
1724138726.298159 0.201500 0.502651 0.400463 0.744723 0.647127 -0.151731 -0.059939
1724138726.331473 0.210688 0.505820 0.394047 0.767316 0.627582 -0.129908 -0.022160
1724138726.364798 0.218946 0.507366 0.388780 0.781438 0.612986 -0.115480 0.016347
1724138726.398131 0.228177 0.508800 0.384554 0.795508 0.594454 -0.099830 0.061853
1724138726.431465 0.236713 0.510510 0.380325 0.806126 0.577927 -0.071057 0.105417
1724138726.464828 0.246503 0.511674 0.375750 0.805853 0.574318 -0.031071 0.140693
1724138726.498210 0.255667 0.512972 0.371904 0.800214 0.573420 0.009029 0.175400
1724138726.531601 0.262855 0.513629 0.369335 0.793201 0.569332 0.042429 0.211879
1724138726.565013 0.268567 0.512897 0.368003 0.784791 0.563660 0.072535 0.247244
1724138726.598434 0.271566 0.511370 0.367822 0.779158 0.551501 0.092879 0.283077
1724138726.631855 0.274583 0.510313 0.366886 0.771973 0.544474 0.121552 0.304681
1724138726.665286 0.277274 0.509696 0.365330 0.758438 0.550276 0.150701 0.315052
1724138726.698707 0.278690 0.508299 0.365042 0.741343 0.562755 0.163371 0.327149
1724138726.732128 0.279803 0.506184 0.366135 0.715461 0.586820 0.165577 0.341090
1724138726.765549 0.282163 0.504581 0.368485 0.676387 0.622830 0.167282 0.355810
1724138726.798969 0.284770 0.503611 0.371791 0.625806 0.666315 0.166878 0.369516
1724138726.832380 0.286716 0.503364 0.375961 0.569746 0.709288 0.162721 0.381865
1724138726.865801 0.288784 0.504857 0.380216 0.509393 0.749897 0.158484 0.391224
1724138726.899212 0.289706 0.506563 0.383603 0.446046 0.787761 0.152014 0.396696
1724138726.932643 0.289371 0.508406 0.386244 0.386091 0.818924 0.141352 0.400396
1724138726.966054 0.288988 0.510319 0.388593 0.325202 0.848913 0.126690 0.396913
1724138726.999444 0.287617 0.511774 0.390466 0.261999 0.875998 0.109169 0.389956
1724138727.032827 0.285600 0.513650 0.391118 0.202113 0.898388 0.091289 0.379099
1724138727.066190 0.282421 0.514878 0.390220 0.148536 0.919256 0.071262 0.357529
1724138727.099533 0.278292 0.514993 0.388319 0.106590 0.936625 0.048958 0.330114
1724138727.132877 0.273447 0.513338 0.386030 0.077488 0.951624 0.022722 0.296466
1724138727.166211 0.267444 0.510073 0.383193 0.063602 0.964033 -0.003916 0.258030
1724138727.199535 0.260922 0.505471 0.380394 0.071240 0.972765 -0.025866 0.219053
1724138727.232869 0.252750 0.500595 0.376965 0.096284 0.978838 -0.047028 0.174340
1724138727.266203 0.244478 0.496120 0.373864 0.135492 0.979541 -0.063821 0.134417
1724138727.299547 0.236423 0.493261 0.371235 0.189957 0.973475 -0.072951 0.104596
1724138727.332881 0.229517 0.492438 0.368972 0.252560 0.960840 -0.077358 0.083757
1724138727.366205 0.222957 0.493133 0.367087 0.318249 0.942238 -0.080779 0.066187
1724138727.399519 0.215758 0.495432 0.365380 0.384977 0.918493 -0.080167 0.041674
1724138727.432805 0.208229 0.500366 0.363038 0.449115 0.890533 -0.072152 0.006368
1724138727.466061 0.202623 0.506670 0.360980 0.510279 0.857562 -0.058733 -0.027430
1724138727.499289 0.199209 0.513011 0.359655 0.570951 0.818132 -0.046591 -0.050051
1724138727.532526 0.197908 0.519176 0.358989 0.626072 0.775949 -0.033996 -0.069149
1724138727.565764 0.197998 0.524286 0.358754 0.674853 0.732875 -0.022397 -0.083458
1724138727.599011 0.199392 0.528101 0.358821 0.718058 0.689587 -0.013543 -0.093158
1724138727.632287 0.200907 0.530941 0.358899 0.757058 0.646032 -0.008494 -0.097125
1724138727.665582 0.203271 0.533325 0.359485 0.794014 0.599692 -0.007466 -0.099274
1724138727.698887 0.205456 0.535979 0.360107 0.827459 0.551927 -0.005565 -0.103232
1724138727.732211 0.207460 0.538930 0.361064 0.856155 0.504804 -0.002226 -0.110305
1724138727.765526 0.209647 0.542015 0.362516 0.880534 0.458845 0.001671 -0.118820
1724138727.798859 0.212169 0.544238 0.364135 0.899816 0.418045 0.003241 -0.124733
1724138727.832203 0.214855 0.544918 0.365160 0.913087 0.387691 0.004482 -0.126284
1724138727.865537 0.217531 0.544101 0.365430 0.920633 0.370753 0.004331 -0.122306
1724138727.898890 0.220667 0.541958 0.364349 0.922385 0.369697 0.005953 -0.111780
1724138727.932234 0.224475 0.539096 0.361889 0.918561 0.383101 0.012365 -0.096571
1724138727.965587 0.228932 0.535459 0.358946 0.909085 0.408790 0.021173 -0.077510
1724138727.998939 0.233457 0.531571 0.356122 0.894414 0.443099 0.028838 -0.053428
1724138728.032293 0.237983 0.527486 0.353850 0.874708 0.482750 0.033752 -0.026435
1724138728.065636 0.241547 0.523242 0.352875 0.851394 0.523547 0.032018 0.001161
1724138728.098980 0.244911 0.518762 0.353516 0.826619 0.561561 0.024335 0.027545
1724138728.132324 0.249712 0.514976 0.354205 0.799788 0.597634 0.017350 0.053579
1724138728.165658 0.255616 0.511950 0.354712 0.769113 0.634181 0.014579 0.077894
1724138728.198992 0.262388 0.509643 0.355847 0.734197 0.671389 0.012340 0.100196
1724138728.232326 0.268351 0.507908 0.357422 0.695357 0.708313 0.009191 0.121187
1724138728.265630 0.274093 0.507071 0.359097 0.653994 0.743376 0.005773 0.140183
1724138728.298945 0.278702 0.506321 0.360942 0.612096 0.774571 0.000438 0.159302
1724138728.332241 0.282525 0.505754 0.362994 0.570686 0.801754 -0.006602 0.177382
1724138728.365555 0.285124 0.505697 0.364543 0.530952 0.824491 -0.013807 0.195227
1724138728.398879 0.286445 0.506518 0.365538 0.492040 0.844554 -0.019875 0.210311
1724138728.432213 0.286531 0.508342 0.365460 0.452338 0.864309 -0.022813 0.218723
1724138728.465556 0.285218 0.510602 0.365032 0.415121 0.881282 -0.023467 0.224645
1724138728.498909 0.282818 0.513910 0.364650 0.378030 0.896800 -0.022129 0.228810
1724138728.532273 0.279015 0.518104 0.364092 0.343352 0.910543 -0.019062 0.229474
1724138728.565645 0.274029 0.522335 0.363852 0.315193 0.920410 -0.017942 0.230601
1724138728.599018 0.268292 0.526317 0.364380 0.293956 0.926881 -0.020979 0.232470
1724138728.632390 0.261215 0.530651 0.364413 0.279173 0.932989 -0.025593 0.225695
1724138728.665754 0.251529 0.535813 0.362284 0.277296 0.938798 -0.028687 0.202342
1724138728.699117 0.239567 0.541341 0.358697 0.291030 0.940326 -0.031445 0.173491
1724138728.732470 0.225871 0.547202 0.354562 0.318651 0.936702 -0.032661 0.141365
1724138728.765813 0.210963 0.553799 0.351105 0.358304 0.926604 -0.035325 0.108511
1724138728.799147 0.195630 0.560532 0.348700 0.409395 0.908171 -0.040873 0.077146
1724138728.832461 0.180049 0.567752 0.347241 0.465001 0.882544 -0.049291 0.049608
1724138728.865757 0.165524 0.575152 0.346664 0.519265 0.852035 -0.059882 0.028548
1724138728.899023 0.151802 0.582289 0.346821 0.572401 0.816299 -0.075263 0.018672
1724138728.932270 0.137905 0.589391 0.347186 0.623001 0.776841 -0.091019 0.010201
1724138728.965507 0.124226 0.597443 0.346522 0.664750 0.740032 -0.102224 0.003203
1724138728.998752 0.111631 0.605128 0.345572 0.701334 0.703766 -0.113211 0.005230
1724138729.032009 0.098461 0.613390 0.344363 0.738317 0.662283 -0.126757 0.014180
1724138729.065285 0.085549 0.623196 0.342168 0.772216 0.619622 -0.138497 0.023876
1724138729.098580 0.072652 0.633685 0.340007 0.801700 0.578001 -0.148704 0.032849
1724138729.131866 0.060187 0.645153 0.339104 0.826542 0.537545 -0.161611 0.041895
1724138729.165180 0.048277 0.658763 0.339092 0.848348 0.496712 -0.176200 0.050364
1724138729.198486 0.038293 0.672749 0.339209 0.864633 0.462620 -0.187290 0.057580
1724138729.231800 0.030766 0.687218 0.339492 0.875860 0.437527 -0.192980 0.064790
1724138729.265095 0.025461 0.702535 0.340597 0.885273 0.417111 -0.193402 0.070039
1724138729.298401 0.022247 0.717564 0.341428 0.892551 0.403970 -0.186410 0.073568
1724138729.331706 0.020598 0.730727 0.342575 0.896476 0.397658 -0.179508 0.077298
1724138729.365010 0.020324 0.741609 0.344451 0.898587 0.393841 -0.175306 0.081843
1724138729.398315 0.020677 0.749783 0.346796 0.898354 0.390461 -0.178533 0.092877
1724138729.431630 0.021739 0.755564 0.348423 0.898117 0.387362 -0.180703 0.103358
1724138729.464935 0.023808 0.759104 0.349088 0.898466 0.384641 -0.178401 0.113946
1724138729.498240 0.026355 0.759771 0.349564 0.898326 0.380606 -0.177445 0.129084
1724138729.531554 0.029442 0.757776 0.351314 0.896812 0.377296 -0.180010 0.144816
1724138729.564859 0.033150 0.753668 0.353917 0.894403 0.376912 -0.181493 0.158244
1724138729.598164 0.037919 0.747600 0.356935 0.890847 0.379665 -0.181751 0.170918
1724138729.631460 0.043096 0.739322 0.361630 0.885470 0.386470 -0.184447 0.180450
1724138729.664774 0.048759 0.729522 0.368044 0.878452 0.395442 -0.190149 0.189184
1724138729.698098 0.055283 0.718715 0.374880 0.870464 0.406393 -0.195378 0.197395
1724138729.731432 0.062657 0.707607 0.381002 0.863089 0.419562 -0.195999 0.201567
1724138729.764766 0.071072 0.695578 0.387827 0.855308 0.433657 -0.197995 0.202947
1724138729.798100 0.079864 0.682152 0.394895 0.847292 0.446212 -0.202453 0.204949
1724138729.831434 0.088969 0.667059 0.401601 0.839438 0.457436 -0.205897 0.209053
1724138729.864768 0.098411 0.650499 0.408054 0.831877 0.467516 -0.209520 0.213332
1724138729.898102 0.108124 0.631702 0.413827 0.824074 0.475955 -0.215070 0.219347
1724138729.931436 0.118099 0.611020 0.419021 0.817076 0.480763 -0.221781 0.228182
1724138729.964770 0.128553 0.588746 0.423621 0.810279 0.483491 -0.230849 0.237472
1724138729.998102 0.139297 0.564845 0.427593 0.803736 0.483883 -0.242499 0.247104
1724138730.031436 0.150423 0.540190 0.430955 0.798483 0.481484 -0.254373 0.256696
1724138730.064770 0.161960 0.515792 0.433482 0.794608 0.477330 -0.266484 0.264082
1724138730.098104 0.174240 0.492053 0.434803 0.791397 0.474795 -0.276455 0.268015
1724138730.131438 0.186996 0.468641 0.434169 0.790405 0.473765 -0.280778 0.268273
1724138730.164772 0.200667 0.446132 0.432449 0.790014 0.473018 -0.283859 0.267500
1724138730.198106 0.215646 0.424140 0.429026 0.790571 0.477962 -0.279303 0.261799
1724138730.231440 0.230891 0.401647 0.424114 0.790469 0.483890 -0.273126 0.257704
1724138730.264773 0.246910 0.380184 0.418621 0.789358 0.490314 -0.267512 0.254842
1724138730.298107 0.263409 0.358934 0.412018 0.789973 0.501671 -0.254590 0.243831
1724138730.331441 0.279519 0.337454 0.405576 0.788830 0.513827 -0.243814 0.232988
1724138730.364775 0.295107 0.317045 0.400419 0.784937 0.527810 -0.236495 0.222171
1724138730.398108 0.310323 0.297280 0.394971 0.780789 0.546155 -0.222843 0.205970
1724138730.431442 0.325062 0.279200 0.389106 0.778369 0.562308 -0.206126 0.188318
1724138730.464777 0.339028 0.263047 0.383559 0.777831 0.574116 -0.189476 0.171666
1724138730.498111 0.352344 0.248153 0.378953 0.778158 0.580766 -0.176875 0.160921
1724138730.531445 0.366303 0.234070 0.375369 0.777786 0.585686 -0.165739 0.156691
1724138730.564779 0.380303 0.222197 0.371316 0.778201 0.592583 -0.146373 0.147728
1724138730.598113 0.394668 0.213281 0.367793 0.776167 0.602390 -0.127231 0.136026
1724138730.631475 0.409530 0.206778 0.364226 0.770365 0.615963 -0.107740 0.124577
1724138730.664848 0.424115 0.202505 0.360831 0.764195 0.628745 -0.088863 0.113088
1724138730.698221 0.438235 0.201323 0.358186 0.758146 0.640749 -0.071621 0.097596
1724138730.731612 0.451568 0.202400 0.357185 0.751156 0.651718 -0.062276 0.084555
1724138730.765004 0.464367 0.206038 0.357203 0.742564 0.662983 -0.060000 0.073832
1724138730.798395 0.475804 0.213939 0.358483 0.736999 0.670428 -0.060632 0.060678
1724138730.831788 0.485756 0.226498 0.361413 0.733281 0.675325 -0.065984 0.043370
1724138730.865160 0.494256 0.243297 0.365089 0.727724 0.681280 -0.075153 0.025047
1724138730.898523 0.501651 0.264533 0.369187 0.721832 0.686839 -0.084812 0.004147
1724138730.931886 0.508193 0.290115 0.372802 0.716923 0.690871 -0.091846 -0.016841
1724138730.965240 0.513121 0.318206 0.376236 0.709515 0.696839 -0.098505 -0.036070
1724138730.998572 0.517100 0.348727 0.380182 0.700730 0.703408 -0.104156 -0.057848
1724138731.031896 0.519542 0.380717 0.384908 0.690635 0.710518 -0.109183 -0.079161
1724138731.065230 0.520508 0.412340 0.389779 0.678142 0.719232 -0.116028 -0.096784
1724138731.098564 0.519323 0.443035 0.395204 0.665247 0.727524 -0.127057 -0.109600
1724138731.131888 0.516594 0.473357 0.401284 0.650331 0.736794 -0.137067 -0.124160
1724138731.165213 0.512207 0.502204 0.407030 0.635223 0.746156 -0.145452 -0.136334
1724138731.198527 0.506556 0.528998 0.412057 0.621645 0.754546 -0.155717 -0.141315
1724138731.231823 0.499964 0.553685 0.416786 0.610075 0.761626 -0.166539 -0.141420
1724138731.265127 0.492478 0.575946 0.420918 0.602030 0.766797 -0.179190 -0.132187
1724138731.298433 0.483773 0.596012 0.425076 0.598314 0.768706 -0.193990 -0.116102
1724138731.331718 0.474455 0.614513 0.428818 0.596766 0.768950 -0.207901 -0.096766
1724138731.365023 0.464600 0.631629 0.432017 0.597789 0.767600 -0.218916 -0.074261
1724138731.398308 0.454073 0.647410 0.435512 0.601370 0.763251 -0.231241 -0.048268
1724138731.431604 0.443171 0.662006 0.438989 0.606676 0.756752 -0.242584 -0.020582
1724138731.464909 0.430533 0.675311 0.441677 0.612721 0.749181 -0.251530 0.005704
1724138731.498214 0.416679 0.685859 0.444861 0.619820 0.737848 -0.264605 0.037261
1724138731.531518 0.401257 0.694467 0.448704 0.632070 0.719315 -0.279097 0.071967
1724138731.564824 0.384251 0.701586 0.451431 0.646205 0.698797 -0.288664 0.103796
1724138731.598129 0.366799 0.707219 0.451997 0.660520 0.679859 -0.291269 0.129098
1724138731.631463 0.349292 0.711321 0.451842 0.672677 0.665363 -0.287825 0.148167
1724138731.664758 0.332120 0.713670 0.449930 0.680153 0.657659 -0.278366 0.165499
1724138731.698092 0.314937 0.714419 0.445321 0.685725 0.656130 -0.260888 0.176670
1724138731.731425 0.297562 0.713487 0.439980 0.689489 0.658069 -0.239270 0.185202
1724138731.764759 0.279540 0.709923 0.435462 0.692774 0.659493 -0.215927 0.196235
1724138731.798093 0.261425 0.703921 0.431530 0.696108 0.658208 -0.195975 0.209263
1724138731.831465 0.243043 0.696036 0.427303 0.699155 0.654898 -0.177048 0.225710
1724138731.864799 0.223726 0.687089 0.422504 0.705139 0.648327 -0.154275 0.242179
1724138731.898134 0.204023 0.676612 0.417465 0.712931 0.639616 -0.132680 0.254985
1724138731.931468 0.183766 0.664696 0.411862 0.722417 0.628298 -0.115475 0.264615
1724138731.964802 0.162688 0.651714 0.405514 0.735529 0.614753 -0.100311 0.266483
1724138731.998144 0.141576 0.637268 0.398680 0.748533 0.604768 -0.085954 0.258004
1724138732.031497 0.120766 0.621065 0.390862 0.761935 0.594721 -0.073091 0.245804
1724138732.064861 0.100549 0.602412 0.382745 0.773932 0.585478 -0.063421 0.232857
1724138732.098224 0.081364 0.581586 0.374880 0.781495 0.581601 -0.056634 0.218630
1724138732.131577 0.062937 0.559554 0.366730 0.785424 0.581193 -0.054954 0.205678
1724138732.164930 0.046169 0.536554 0.357028 0.785714 0.587257 -0.052244 0.187223
1724138732.198274 0.031716 0.513561 0.346281 0.782352 0.600353 -0.043852 0.159934
1724138732.231598 0.019269 0.492203 0.334664 0.777837 0.613564 -0.026848 0.133370
1724138732.264923 0.008116 0.471942 0.323032 0.774930 0.623752 -0.007328 0.101795
1724138732.298247 -0.001890 0.452223 0.312712 0.773690 0.630188 0.005125 0.065121
1724138732.331562 -0.009912 0.432677 0.303300 0.772982 0.633572 0.011033 0.031055
1724138732.364875 -0.014466 0.412635 0.296840 0.772772 0.634603 0.010089 -0.000257
1724138732.398190 -0.015153 0.392625 0.293442 0.774518 0.632026 -0.000066 -0.025780
1724138732.431504 -0.011743 0.372678 0.292051 0.775108 0.630030 -0.017120 -0.044466
1724138732.464810 -0.003735 0.354589 0.292744 0.772694 0.630643 -0.034347 -0.063668
1724138732.498144 0.007929 0.339187 0.293794 0.768250 0.633505 -0.045697 -0.079841
1724138732.531439 0.022777 0.326717 0.294956 0.761876 0.638840 -0.051656 -0.093593
1724138732.564773 0.040511 0.317802 0.295963 0.756383 0.643199 -0.051445 -0.107393
1724138732.598146 0.060525 0.312105 0.297374 0.752591 0.645779 -0.047579 -0.119636
1724138732.631480 0.081946 0.309110 0.299250 0.749691 0.647423 -0.040960 -0.130880
1724138732.664814 0.104306 0.308360 0.302163 0.748317 0.647392 -0.034034 -0.140525
1724138732.698148 0.127491 0.309097 0.305996 0.748965 0.645616 -0.027279 -0.146583
1724138732.731481 0.151276 0.310820 0.310363 0.749549 0.644196 -0.018917 -0.151096
1724138732.764815 0.175461 0.313580 0.316004 0.751514 0.641850 -0.010368 -0.152145
1724138732.798158 0.199272 0.316862 0.322693 0.754723 0.639231 -0.003857 -0.147520
1724138732.831492 0.222396 0.321321 0.329839 0.757745 0.637490 0.000695 -0.139386
1724138732.864846 0.244431 0.327473 0.337914 0.761300 0.635715 0.003272 -0.127580
1724138732.898199 0.264213 0.334562 0.346771 0.766932 0.633145 -0.005361 -0.104469
1724138732.931571 0.280326 0.343110 0.356279 0.774155 0.628558 -0.027023 -0.069774
1724138732.964944 0.293789 0.355008 0.365527 0.781653 0.621027 -0.047059 -0.033612
1724138732.998315 0.303939 0.369215 0.375161 0.789344 0.609581 -0.072774 0.007151
1724138733.031677 0.310657 0.384902 0.385049 0.794492 0.596142 -0.103019 0.052762
1724138733.065041 0.314495 0.402047 0.394335 0.797423 0.581011 -0.129001 0.099506
1724138733.098404 0.315468 0.420521 0.402869 0.795362 0.569009 -0.150083 0.145270
1724138733.131757 0.314393 0.440997 0.410017 0.790349 0.559926 -0.164740 0.186257
1724138733.165111 0.312087 0.463831 0.415912 0.785713 0.554848 -0.168674 0.215283
1724138733.198454 0.308267 0.488429 0.421952 0.778827 0.555780 -0.171498 0.234790
1724138733.231798 0.302343 0.514126 0.428406 0.772005 0.556288 -0.176471 0.251812
1724138733.265142 0.294770 0.540671 0.434438 0.767590 0.555842 -0.179257 0.264030
1724138733.298485 0.286163 0.567718 0.439876 0.766923 0.553570 -0.179641 0.270405
1724138733.331819 0.276685 0.595350 0.445101 0.768500 0.550537 -0.179763 0.272032
1724138733.365143 0.267049 0.623032 0.449821 0.769725 0.551357 -0.176250 0.269192
1724138733.398477 0.257802 0.650519 0.453900 0.771833 0.554749 -0.168027 0.261332
1724138733.431791 0.249197 0.676860 0.457331 0.774065 0.561053 -0.154489 0.249352
1724138733.465106 0.242446 0.701354 0.459706 0.773519 0.573721 -0.133372 0.233931
1724138733.498430 0.236091 0.724213 0.461230 0.769097 0.593601 -0.104173 0.212781
1724138733.631776 0.212212 0.788790 0.466342 0.724190 0.681302 0.043581 0.097350
1724138733.665129 0.205746 0.794012 0.467006 0.714579 0.691194 0.078505 0.073928
1724138733.698483 0.198348 0.795011 0.466520 0.706641 0.697075 0.109366 0.052773
1724138733.731854 0.190596 0.791009 0.465973 0.701913 0.698536 0.134854 0.034342
1724138733.765217 0.182635 0.782866 0.464692 0.699140 0.697612 0.155884 0.015508
1724138733.798599 0.174280 0.770367 0.462455 0.697507 0.695614 0.171971 -0.005565
1724138733.831972 0.165822 0.754361 0.459011 0.699789 0.690042 0.183625 -0.020492
1724138733.865345 0.157781 0.735803 0.454878 0.705211 0.682388 0.189646 -0.032548
1724138733.898717 0.149772 0.714863 0.449497 0.710768 0.675342 0.192180 -0.042299
1724138733.932090 0.142522 0.692083 0.443886 0.717132 0.668772 0.190766 -0.045543
1724138733.965463 0.135689 0.668513 0.437964 0.723471 0.662250 0.188961 -0.048047
1724138733.998824 0.129690 0.644060 0.431443 0.725451 0.659852 0.188830 -0.051558
1724138734.032196 0.124454 0.619286 0.424543 0.724743 0.660447 0.189024 -0.053168
1724138734.065559 0.119456 0.594702 0.416698 0.722085 0.661878 0.194203 -0.052866
1724138734.098922 0.114928 0.569629 0.408699 0.715607 0.666151 0.203092 -0.053879
1724138734.132276 0.109666 0.543982 0.400633 0.709349 0.671529 0.207820 -0.051801
1724138734.165638 0.104054 0.518750 0.392304 0.706825 0.674463 0.208263 -0.046078
1724138734.198992 0.097863 0.494826 0.383921 0.706748 0.674551 0.209304 -0.040991
1724138734.232345 0.090903 0.472480 0.375142 0.707365 0.672546 0.214856 -0.033961
1724138734.265689 0.082672 0.451894 0.365981 0.710115 0.668443 0.220196 -0.020821
1724138734.299052 0.072994 0.433248 0.357225 0.713840 0.664225 0.221803 -0.006455
1724138734.332405 0.061950 0.416814 0.348860 0.716907 0.660669 0.222271 0.012511
1724138734.365757 0.049664 0.402582 0.341426 0.717505 0.659175 0.222414 0.034730
1724138734.399101 0.036045 0.391433 0.335153 0.713495 0.662923 0.220622 0.052764
1724138734.432445 0.021909 0.382694 0.329803 0.711261 0.666851 0.210787 0.070622
1724138734.465779 0.008585 0.376268 0.326168 0.711845 0.669129 0.195474 0.085631
1724138734.499113 -0.003078 0.372233 0.324655 0.715138 0.669542 0.177907 0.092949
1724138734.532418 -0.012240 0.371392 0.324983 0.717838 0.670836 0.163833 0.088578
1724138734.565723 -0.018540 0.373558 0.326447 0.718207 0.674376 0.155403 0.072424
1724138734.599009 -0.022004 0.377587 0.328802 0.718950 0.677001 0.148968 0.050878
1724138734.632304 -0.022451 0.382379 0.332763 0.721824 0.676557 0.143008 0.028091
1724138734.665590 -0.020032 0.387074 0.337927 0.726277 0.674011 0.134844 0.006982
1724138734.698885 -0.015524 0.391388 0.343961 0.731502 0.670242 0.124133 -0.016507
1724138734.732170 -0.008858 0.395457 0.350293 0.735875 0.665881 0.116228 -0.039761
1724138734.765455 0.000468 0.398135 0.356611 0.737979 0.663662 0.109132 -0.055047
1724138734.798751 0.011589 0.400154 0.362594 0.742184 0.658040 0.108424 -0.066257
1724138734.832036 0.023275 0.400812 0.367356 0.749157 0.650435 0.103222 -0.071009
1724138734.865341 0.035347 0.401013 0.370710 0.753137 0.645359 0.107127 -0.069422
1724138734.898646 0.047993 0.401629 0.374514 0.755897 0.639109 0.123972 -0.069212
1724138734.931961 0.059993 0.401468 0.379305 0.758363 0.633112 0.139813 -0.067138
1724138734.965276 0.068344 0.399073 0.384327 0.764435 0.626659 0.138938 -0.060291
1724138734.998608 0.072852 0.395413 0.390166 0.772013 0.618843 0.133987 -0.055458
1724138735.031941 0.076150 0.391683 0.395432 0.773840 0.615890 0.136335 -0.057133
1724138735.065275 0.079745 0.388258 0.397533 0.770738 0.616798 0.149304 -0.056844
1724138735.098619 0.083227 0.384336 0.397064 0.769551 0.615909 0.161675 -0.048048
1724138735.131963 0.086571 0.380462 0.395504 0.770489 0.613094 0.170863 -0.035617
1724138735.165326 0.089910 0.377546 0.393111 0.771592 0.609012 0.182120 -0.024146
1724138735.198679 0.092998 0.375405 0.390069 0.775753 0.601325 0.190980 -0.011900
1724138735.232052 0.096402 0.374616 0.386080 0.780414 0.591694 0.202119 0.000744
1724138735.265434 0.100202 0.374577 0.380961 0.786775 0.579011 0.213106 0.017824
1724138735.298826 0.104325 0.375648 0.375265 0.793576 0.563968 0.225399 0.037058
1724138735.332238 0.108253 0.377809 0.369248 0.801124 0.546244 0.238021 0.056243
1724138735.365658 0.111614 0.381069 0.363243 0.809085 0.526871 0.250192 0.072058
1724138735.399098 0.114067 0.384585 0.357384 0.816144 0.508173 0.262108 0.083474
1724138735.432538 0.115555 0.387627 0.351179 0.821974 0.491207 0.272794 0.093048
1724138735.465979 0.116282 0.389652 0.344818 0.826342 0.477525 0.281033 0.100748
1724138735.499419 0.116375 0.390411 0.338359 0.827186 0.470352 0.288778 0.105542
1724138735.532850 0.116001 0.389572 0.331613 0.826089 0.467455 0.294509 0.111033
1724138735.566280 0.115638 0.387313 0.324296 0.821901 0.469627 0.299849 0.118402
1724138735.599701 0.115268 0.384181 0.317439 0.813654 0.478394 0.306000 0.124376
1724138735.633122 0.114496 0.380073 0.310692 0.803044 0.490548 0.311755 0.131498
1724138735.666533 0.113332 0.375906 0.304189 0.790692 0.505249 0.316804 0.138437
1724138735.699944 0.111272 0.372231 0.298644 0.777461 0.520620 0.323069 0.141900
1724138735.733355 0.107411 0.368589 0.294178 0.770263 0.529841 0.324179 0.144471
1724138735.766757 0.101832 0.365073 0.290425 0.765425 0.538167 0.322060 0.144147
1724138735.800149 0.094742 0.361431 0.287213 0.761880 0.546779 0.317365 0.140894
1724138735.833531 0.086780 0.357590 0.284461 0.758524 0.556224 0.311352 0.135338
1724138735.866914 0.079307 0.353511 0.281374 0.751493 0.568511 0.308547 0.129817
1724138735.900296 0.072291 0.349097 0.276608 0.746169 0.576375 0.306544 0.130596
1724138735.933669 0.065257 0.345159 0.271397 0.743726 0.580470 0.304128 0.132035
1724138735.967032 0.057820 0.342017 0.266237 0.743860 0.582608 0.300305 0.130602
1724138736.000394 0.050057 0.339149 0.261255 0.745593 0.583720 0.294936 0.127968
1724138736.033756 0.042457 0.336081 0.256514 0.748190 0.584490 0.287584 0.126008
1724138736.067110 0.034956 0.332508 0.252001 0.750580 0.585867 0.279225 0.124189
1724138736.100473 0.027619 0.328475 0.248355 0.752767 0.588363 0.269088 0.121501
1724138736.133817 0.020700 0.323501 0.244984 0.753948 0.591555 0.258953 0.120700
1724138736.167170 0.014326 0.317681 0.242271 0.753678 0.596203 0.248260 0.121976
1724138736.200514 0.008219 0.311381 0.240139 0.751581 0.602668 0.238180 0.123237
1724138736.233848 0.002681 0.305126 0.238858 0.750216 0.607808 0.228255 0.125079
1724138736.267172 -0.002364 0.298982 0.238251 0.750105 0.611114 0.218254 0.127464
1724138736.300506 -0.006698 0.293142 0.238303 0.749141 0.614907 0.209376 0.129761
1724138736.333830 -0.010301 0.287537 0.238676 0.747333 0.619050 0.202172 0.131896
