1724138701.985811 0.198653 0.535559 0.327483 0.702638 0.706476 0.023762 -0.081410
1724138702.019094 0.199039 0.537347 0.337650 0.700667 0.707648 0.024907 -0.087637
1724138702.052408 0.199130 0.538437 0.349325 0.699327 0.708659 0.023698 -0.090462
1724138702.085733 0.199381 0.538571 0.362436 0.697729 0.710389 0.022278 -0.089588
1724138702.119039 0.199709 0.538467 0.376418 0.696352 0.711967 0.023066 -0.087547
1724138702.152334 0.200491 0.537599 0.391118 0.697188 0.711820 0.023114 -0.081891
1724138702.185639 0.200154 0.535466 0.407049 0.696278 0.713569 0.022623 -0.074201
1724138702.218955 0.198908 0.533306 0.423727 0.695124 0.715185 0.024991 -0.068465
1724138702.252250 0.197293 0.531849 0.440430 0.696016 0.714305 0.031700 -0.065767
1724138702.285556 0.195561 0.530270 0.457404 0.696937 0.713053 0.039595 -0.065316
1724138702.318871 0.193057 0.527564 0.475234 0.697892 0.711922 0.043969 -0.064655
1724138702.352176 0.189867 0.524359 0.493481 0.701135 0.708678 0.045187 -0.064368
1724138702.385492 0.186509 0.521292 0.511359 0.705250 0.704445 0.046919 -0.064643
1724138702.418806 0.183133 0.518004 0.529004 0.709061 0.700486 0.047716 -0.065381
1724138702.452111 0.180391 0.513780 0.546435 0.712840 0.696654 0.046316 -0.066237
1724138702.485426 0.178549 0.508601 0.563099 0.715638 0.694048 0.043827 -0.065106
1724138702.518742 0.177889 0.503322 0.578746 0.719122 0.690828 0.042605 -0.061680
1724138702.552076 0.177984 0.497653 0.593495 0.722327 0.687872 0.043305 -0.056574
1724138702.585411 0.179185 0.492190 0.607103 0.724610 0.685827 0.045455 -0.050149
1724138702.618745 0.181008 0.486861 0.619617 0.726275 0.684243 0.049328 -0.043632
1724138702.652079 0.183631 0.481266 0.631147 0.726744 0.683972 0.052390 -0.035797
1724138702.685414 0.186670 0.475837 0.641371 0.726893 0.683981 0.055327 -0.027113
1724138702.718748 0.190034 0.470521 0.649960 0.726194 0.684781 0.058311 -0.017803
1724138702.752082 0.193859 0.466203 0.656463 0.725197 0.685712 0.061882 -0.007732
1724138702.785417 0.198014 0.462568 0.661175 0.724636 0.686006 0.065543 0.001693
1724138702.818751 0.201391 0.459312 0.664337 0.724038 0.686411 0.067268 0.009208
1724138702.852085 0.204206 0.457026 0.666239 0.723637 0.686827 0.066453 0.014206
1724138702.885420 0.206112 0.455428 0.666668 0.723671 0.686839 0.065035 0.017935
1724138702.918754 0.207332 0.454948 0.665787 0.723361 0.687343 0.062959 0.018572
1724138702.952089 0.207947 0.455914 0.663329 0.722891 0.688100 0.060599 0.016571
1724138702.985423 0.208544 0.457271 0.659018 0.722859 0.688586 0.055791 0.014512
1724138703.018741 0.208615 0.458754 0.652705 0.721483 0.690573 0.048973 0.013138
1724138703.052075 0.208441 0.461340 0.644400 0.718827 0.693794 0.043144 0.008654
1724138703.085409 0.208335 0.464754 0.634685 0.715378 0.697793 0.036319 0.000294
1724138703.118743 0.207776 0.468035 0.623475 0.713067 0.700582 0.026392 -0.004810
1724138703.152077 0.207397 0.471769 0.610502 0.711687 0.702247 0.016571 -0.008750
1724138703.185411 0.206372 0.476224 0.596252 0.710980 0.702992 0.007835 -0.015742
1724138703.218746 0.204818 0.481644 0.581332 0.709567 0.704174 0.001213 -0.025556
1724138703.252080 0.202593 0.486957 0.565248 0.708392 0.705107 -0.005636 -0.031192
1724138703.285414 0.199922 0.492317 0.549539 0.706699 0.706258 -0.015167 -0.039334
1724138703.318748 0.197962 0.497993 0.533621 0.701642 0.710464 -0.020434 -0.050215
1724138703.352082 0.195684 0.502772 0.517838 0.697870 0.713477 -0.026230 -0.056921
1724138703.385416 0.192817 0.506466 0.503529 0.694108 0.716078 -0.037585 -0.063508
1724138703.418751 0.190177 0.509393 0.489921 0.689898 0.718883 -0.049645 -0.069166
1724138703.452046 0.187851 0.511935 0.476653 0.685985 0.721345 -0.059502 -0.074465
1724138703.485380 0.185893 0.514691 0.463752 0.681222 0.724273 -0.066353 -0.083439
1724138703.518714 0.184983 0.516743 0.449951 0.678678 0.726056 -0.069282 -0.086251
1724138703.552048 0.184792 0.518308 0.435721 0.677341 0.727205 -0.070485 -0.086104
1724138703.585382 0.184670 0.518733 0.422189 0.677507 0.727206 -0.071606 -0.083837
1724138703.618716 0.184688 0.518038 0.408356 0.680200 0.725718 -0.072027 -0.073978
1724138703.652090 0.183784 0.516706 0.395860 0.685226 0.721745 -0.074755 -0.062942
1724138703.685424 0.181855 0.514752 0.385346 0.691279 0.716219 -0.080646 -0.051567
1724138703.718757 0.179530 0.512945 0.376428 0.697134 0.710636 -0.085684 -0.040723
1724138703.752091 0.176514 0.513322 0.369735 0.703932 0.704071 -0.085698 -0.037678
1724138703.785425 0.172918 0.515032 0.365331 0.709325 0.698867 -0.082528 -0.040390
1724138703.818761 0.169209 0.517225 0.362711 0.713819 0.694487 -0.079364 -0.043025
1724138703.852095 0.165124 0.519954 0.361925 0.717902 0.690308 -0.077925 -0.044934
1724138703.885429 0.160770 0.522916 0.362662 0.720902 0.687284 -0.075909 -0.046675
1724138703.918763 0.157143 0.525861 0.364859 0.723590 0.684728 -0.073802 -0.046031
1724138703.952097 0.154293 0.528414 0.368864 0.725694 0.682877 -0.072766 -0.041866
1724138703.985440 0.151745 0.530816 0.374990 0.726177 0.682605 -0.072430 -0.038369
1724138704.018764 0.149324 0.532841 0.383384 0.723416 0.685654 -0.071456 -0.037962
1724138704.052098 0.147040 0.533785 0.394133 0.717836 0.691488 -0.071393 -0.038195
1724138704.085423 0.144623 0.533996 0.406847 0.710870 0.698699 -0.070208 -0.039428
1724138704.118757 0.142675 0.533308 0.421279 0.703332 0.706338 -0.067360 -0.043274
1724138704.152091 0.141846 0.531140 0.437159 0.697088 0.712587 -0.064203 -0.046538
1724138704.185425 0.142505 0.527871 0.453410 0.693680 0.716471 -0.057793 -0.046224
1724138704.218759 0.144211 0.523632 0.470008 0.692191 0.718634 -0.048578 -0.045580
1724138704.252093 0.146071 0.517685 0.487478 0.693394 0.718133 -0.040178 -0.043302
1724138704.285427 0.147916 0.510223 0.505476 0.697868 0.714478 -0.033896 -0.036789
1724138704.318761 0.149371 0.501810 0.524052 0.703130 0.709855 -0.029604 -0.028940
1724138704.352095 0.150613 0.493857 0.543074 0.709043 0.704294 -0.026136 -0.023345
1724138704.385429 0.152301 0.485591 0.562110 0.714490 0.699037 -0.023881 -0.016728
1724138704.418763 0.154047 0.477704 0.580685 0.718661 0.694993 -0.020887 -0.008614
1724138704.452059 0.156586 0.471252 0.597707 0.723995 0.689632 -0.015390 0.001032
1724138704.485393 0.159817 0.465766 0.613078 0.729242 0.684073 -0.008420 0.013411
1724138704.518766 0.163538 0.460715 0.627822 0.732832 0.679934 -0.000918 0.025434
1724138704.552100 0.167339 0.456937 0.641835 0.734920 0.677253 0.007182 0.034184
1724138704.585434 0.170821 0.453513 0.655365 0.734752 0.676960 0.013973 0.040859
1724138704.618768 0.174257 0.449421 0.668454 0.732184 0.679205 0.017632 0.047699
1724138704.652102 0.177580 0.445816 0.680420 0.727299 0.683968 0.020462 0.052966
1724138704.685436 0.181006 0.442264 0.690740 0.720320 0.690830 0.024065 0.057569
1724138704.718770 0.184696 0.438885 0.699143 0.713074 0.697748 0.026297 0.063100
1724138704.752104 0.187960 0.435309 0.705271 0.707478 0.702784 0.027764 0.069267
1724138704.785438 0.190798 0.432868 0.709074 0.704681 0.705099 0.028319 0.073881
1724138704.818733 0.193055 0.431652 0.711014 0.704441 0.705236 0.027921 0.075000
1724138704.852067 0.194512 0.431195 0.710874 0.705151 0.704746 0.027167 0.073186
1724138704.885402 0.196052 0.431616 0.708523 0.705085 0.705326 0.026086 0.068482
1724138704.918736 0.196778 0.432444 0.704262 0.705717 0.705303 0.023506 0.062914
1724138704.952070 0.197080 0.433899 0.698422 0.706780 0.705065 0.020029 0.054269
1724138704.985404 0.197609 0.436150 0.690463 0.708165 0.704358 0.016794 0.045834
1724138705.018730 0.198229 0.438828 0.681068 0.709257 0.703867 0.013026 0.036838
1724138705.052064 0.198424 0.441984 0.670433 0.709280 0.704336 0.008488 0.027591
1724138705.085398 0.198362 0.445530 0.658669 0.709326 0.704642 0.003280 0.018044
1724138705.118732 0.198177 0.448940 0.645944 0.709564 0.704562 -0.003746 0.009841
1724138705.152066 0.197056 0.452700 0.632263 0.709857 0.704243 -0.011834 0.002422
1724138705.185400 0.195925 0.457092 0.617649 0.710785 0.703134 -0.019096 -0.004802
1724138705.218734 0.195174 0.462377 0.601892 0.711248 0.702396 -0.025122 -0.011611
1724138705.252068 0.194850 0.467873 0.585857 0.709830 0.703499 -0.030492 -0.017354
1724138705.285402 0.195163 0.473214 0.568939 0.709034 0.704157 -0.033716 -0.017225
1724138705.318736 0.195660 0.479331 0.551388 0.708432 0.704721 -0.033829 -0.018641
1724138705.352069 0.196149 0.485676 0.534623 0.707925 0.705076 -0.034238 -0.023200
1724138705.385403 0.195818 0.491458 0.517701 0.708413 0.704523 -0.034985 -0.023943
1724138705.418737 0.194995 0.496366 0.501780 0.708422 0.704247 -0.038396 -0.026452
1724138705.452111 0.193562 0.501221 0.486348 0.709939 0.702367 -0.042495 -0.029347
1724138705.485445 0.192819 0.506382 0.470244 0.712069 0.700157 -0.042072 -0.031115
1724138705.518779 0.192833 0.511271 0.454654 0.712557 0.699573 -0.039870 -0.035643
1724138705.552113 0.193359 0.514794 0.439646 0.712671 0.699568 -0.038845 -0.034576
1724138705.585447 0.193429 0.517577 0.425462 0.715107 0.697213 -0.040159 -0.030063
1724138705.618781 0.192921 0.520428 0.413514 0.717021 0.694932 -0.042072 -0.034354
1724138705.652115 0.192007 0.522558 0.402159 0.719557 0.692241 -0.043047 -0.034461
1724138705.685449 0.191236 0.524105 0.391894 0.723129 0.688485 -0.045436 -0.031764
1724138705.718783 0.190072 0.525312 0.383722 0.723949 0.687281 -0.049003 -0.033785
1724138705.752117 0.189371 0.526870 0.375815 0.723367 0.687891 -0.047620 -0.035762
1724138705.785451 0.188974 0.528311 0.368637 0.723367 0.688038 -0.044525 -0.036908
1724138705.818785 0.188361 0.528976 0.363228 0.723878 0.687499 -0.044960 -0.036379
1724138705.852119 0.187415 0.529182 0.359168 0.724203 0.687156 -0.046053 -0.035018
1724138705.885453 0.186616 0.529495 0.356165 0.724899 0.686461 -0.045508 -0.034957
1724138705.918787 0.186396 0.529399 0.354055 0.724794 0.686691 -0.044074 -0.034438
1724138705.952121 0.186616 0.528720 0.352850 0.723552 0.688196 -0.042258 -0.032763
1724138705.985455 0.187202 0.527791 0.352748 0.721636 0.690402 -0.040078 -0.031297
1724138706.018782 0.188060 0.526921 0.353777 0.719240 0.693102 -0.036571 -0.031075
1724138706.052116 0.188798 0.526000 0.356099 0.716641 0.695923 -0.033375 -0.031656
1724138706.085450 0.189508 0.524692 0.359737 0.713734 0.699053 -0.030426 -0.031368
1724138706.118784 0.189566 0.523739 0.364674 0.711835 0.701112 -0.028371 -0.030476
1724138706.152118 0.189327 0.523138 0.371055 0.710677 0.702306 -0.026604 -0.031552
1724138706.185452 0.189146 0.522764 0.378181 0.709029 0.704016 -0.023284 -0.033109
1724138706.218786 0.189304 0.522442 0.386177 0.706726 0.706390 -0.019180 -0.034402
1724138706.252120 0.189232 0.521637 0.395395 0.703632 0.709491 -0.015631 -0.035778
1724138706.285454 0.189034 0.520550 0.405334 0.700122 0.712965 -0.011032 -0.037267
1724138706.318788 0.189149 0.519159 0.416198 0.696843 0.716199 -0.005584 -0.037922
1724138706.352122 0.188936 0.517051 0.428412 0.694103 0.718864 -0.002323 -0.038081
1724138706.385456 0.188231 0.514681 0.441578 0.692339 0.720636 0.000671 -0.036734
1724138706.418789 0.187542 0.512727 0.455213 0.692514 0.720533 0.005054 -0.035095
1724138706.452123 0.187250 0.510538 0.469382 0.692850 0.720304 0.009104 -0.032216
1724138706.485457 0.187756 0.508865 0.482931 0.694159 0.719125 0.016436 -0.027067
1724138706.518791 0.188812 0.507600 0.496235 0.696416 0.716880 0.025258 -0.021190
1724138706.552125 0.190093 0.506035 0.509512 0.699220 0.713966 0.033944 -0.013816
1724138706.585459 0.191780 0.505149 0.521907 0.701261 0.711402 0.045723 -0.006961
1724138706.618793 0.193397 0.503995 0.533885 0.703193 0.708767 0.056285 -0.000257
1724138706.652128 0.194562 0.502464 0.544841 0.704980 0.706164 0.065627 0.005338
1724138706.685462 0.196056 0.501315 0.553948 0.706237 0.703918 0.074960 0.010467
1724138706.718796 0.197311 0.499323 0.561266 0.708262 0.701027 0.081108 0.018627
1724138706.752130 0.197442 0.497030 0.567021 0.713044 0.695769 0.082504 0.025825
1724138706.785464 0.197402 0.494548 0.571271 0.719357 0.689069 0.082181 0.030929
1724138706.818807 0.197214 0.493803 0.572916 0.728308 0.678912 0.086939 0.032969
1724138706.852141 0.197144 0.492697 0.573956 0.740252 0.665910 0.086834 0.032405
1724138706.885485 0.196582 0.490408 0.573481 0.745852 0.660490 0.077993 0.037075
1724138706.918838 0.195801 0.489227 0.571519 0.748390 0.658278 0.068747 0.043080
1724138706.952182 0.194625 0.489133 0.568869 0.749499 0.657733 0.057224 0.048630
1724138706.985535 0.193606 0.490889 0.565276 0.748887 0.659321 0.045539 0.048894
1724138707.018873 0.193098 0.494944 0.560014 0.747723 0.661161 0.041028 0.045747
1724138707.052207 0.192314 0.501543 0.553346 0.747394 0.661692 0.041032 0.043376
1724138707.085531 0.191734 0.511056 0.546421 0.748063 0.660969 0.044364 0.039419
1724138707.118865 0.191567 0.523340 0.539505 0.747920 0.660969 0.050906 0.033816
1724138707.152199 0.191451 0.538119 0.532966 0.748004 0.660518 0.057907 0.029207
1724138707.185543 0.190526 0.556324 0.527299 0.746673 0.661522 0.067260 0.018528
1724138707.218887 0.189496 0.576698 0.522813 0.742169 0.665754 0.077104 0.003581
1724138707.252240 0.188262 0.596983 0.519290 0.737893 0.669896 0.081837 -0.007480
1724138707.285584 0.187067 0.616644 0.515783 0.732672 0.675363 0.083176 -0.012561
1724138707.318937 0.185958 0.636105 0.512078 0.726629 0.681705 0.084208 -0.014043
1724138707.352281 0.184869 0.656619 0.508865 0.721296 0.686997 0.086211 -0.018302
1724138707.385634 0.183796 0.677840 0.506068 0.713414 0.694220 0.091298 -0.027659
1724138707.418978 0.183434 0.697585 0.503324 0.705126 0.702182 0.093451 -0.031698
1724138707.452331 0.182716 0.715595 0.501148 0.700005 0.707393 0.092815 -0.031197
1724138707.485675 0.182306 0.733158 0.499409 0.694511 0.712989 0.091493 -0.030492
1724138707.519009 0.182327 0.750894 0.498499 0.688468 0.718147 0.095639 -0.033613
1724138707.552343 0.182615 0.768587 0.498137 0.683465 0.722059 0.100571 -0.037301
1724138707.585677 0.182060 0.784532 0.498233 0.677139 0.727289 0.105199 -0.038293
1724138707.619011 0.181853 0.800277 0.499165 0.670849 0.731653 0.113487 -0.042024
1724138707.652364 0.180972 0.814951 0.500271 0.664955 0.735316 0.122378 -0.046585
1724138707.685698 0.180423 0.827709 0.501115 0.660796 0.737806 0.128692 -0.049290
1724138707.719042 0.180428 0.837532 0.501245 0.658308 0.739667 0.130922 -0.048815
1724138707.752395 0.179816 0.843881 0.500929 0.657067 0.740634 0.131948 -0.048102
1724138707.785738 0.179100 0.847570 0.499755 0.655750 0.741536 0.132770 -0.049875
1724138707.819091 0.178760 0.848343 0.497952 0.656845 0.740434 0.132590 -0.052267
1724138707.852435 0.177581 0.845428 0.494924 0.660995 0.736848 0.131546 -0.053255
1724138707.885769 0.176518 0.838966 0.491665 0.665578 0.732992 0.128815 -0.055987
1724138707.919103 0.176324 0.828683 0.487430 0.670588 0.728974 0.124937 -0.057433
1724138707.952437 0.176189 0.814454 0.482126 0.675918 0.724963 0.120401 -0.055392
1724138707.985771 0.176669 0.797730 0.476277 0.682508 0.720154 0.113212 -0.052381
1724138708.019099 0.177526 0.778177 0.470226 0.689361 0.714842 0.107251 -0.047748
1724138708.052433 0.178421 0.757795 0.463648 0.692706 0.711782 0.106233 -0.047327
1724138708.085768 0.178801 0.735327 0.456856 0.694600 0.710268 0.104283 -0.046633
1724138708.119102 0.179114 0.710600 0.449913 0.698005 0.707710 0.100190 -0.043562
1724138708.152436 0.178588 0.685678 0.443097 0.702185 0.704013 0.096523 -0.044554
1724138708.185770 0.177980 0.659234 0.436207 0.707275 0.699847 0.089520 -0.044287
1724138708.219104 0.177192 0.630752 0.429104 0.712650 0.695981 0.078526 -0.039666
1724138708.252457 0.176717 0.601760 0.422057 0.718798 0.691055 0.067416 -0.035040
1724138708.285781 0.176321 0.571685 0.415002 0.727667 0.683454 0.052099 -0.026007
1724138708.319115 0.175318 0.541689 0.407823 0.737029 0.674739 0.035893 -0.015107
1724138708.352449 0.175241 0.513785 0.400507 0.745695 0.665773 0.024795 -0.008444
1724138708.385783 0.176848 0.486374 0.392968 0.751485 0.659547 0.016382 0.000763
1724138708.419117 0.178259 0.459864 0.384919 0.752842 0.658037 0.011860 0.008712
1724138708.452442 0.180230 0.433586 0.377068 0.752441 0.658383 0.005452 0.018295
1724138708.485776 0.181995 0.406049 0.369722 0.750995 0.659337 -0.005928 0.035285
1724138708.519090 0.183382 0.381301 0.362726 0.749423 0.660165 -0.014374 0.048391
1724138708.552403 0.184218 0.359389 0.356369 0.747850 0.661436 -0.018802 0.053560
1724138708.585719 0.184556 0.335902 0.350536 0.747492 0.659991 -0.029727 0.069170
1724138708.619043 0.183572 0.312522 0.346423 0.746950 0.656885 -0.047072 0.091387
1724138708.652358 0.182784 0.295375 0.342507 0.748894 0.652633 -0.057085 0.099848
1724138708.685652 0.182063 0.280758 0.338397 0.751579 0.648814 -0.061296 0.102041
1724138708.718948 0.180397 0.266874 0.335258 0.752899 0.645233 -0.071644 0.108095
1724138708.752253 0.178686 0.256919 0.331805 0.754922 0.643099 -0.075058 0.104321
1724138708.785539 0.177969 0.250353 0.328531 0.758228 0.640651 -0.073803 0.095966
1724138708.818834 0.177307 0.243704 0.325536 0.759970 0.639109 -0.072174 0.093679
1724138708.852159 0.176896 0.239833 0.322705 0.761373 0.637382 -0.071656 0.094452
1724138708.885493 0.176402 0.238644 0.320291 0.763539 0.636364 -0.063841 0.089292
1724138708.918827 0.176581 0.240403 0.317820 0.764927 0.636109 -0.052969 0.086290
1724138708.952161 0.176793 0.243790 0.316298 0.764406 0.637758 -0.043495 0.084004
1724138708.985495 0.176460 0.249686 0.316128 0.763835 0.639933 -0.034567 0.076468
1724138709.018824 0.176179 0.257104 0.317190 0.762976 0.641919 -0.030857 0.069684
1724138709.052158 0.175325 0.265435 0.318920 0.761002 0.644645 -0.030586 0.066125
1724138709.085492 0.175309 0.275883 0.320928 0.757994 0.648614 -0.030197 0.061906
1724138709.118826 0.175358 0.290139 0.323466 0.755419 0.652497 -0.027508 0.053230
1724138709.152160 0.174540 0.305960 0.326918 0.753271 0.655450 -0.027610 0.046964
1724138709.185494 0.174052 0.323670 0.330958 0.750721 0.658625 -0.029646 0.041847
1724138709.218828 0.174267 0.345502 0.334074 0.744251 0.666885 -0.020420 0.030621
1724138709.252162 0.175014 0.369290 0.337970 0.736582 0.676029 -0.009288 0.018577
1724138709.285496 0.175562 0.394858 0.342771 0.730698 0.682646 -0.003011 0.008089
1724138709.318830 0.175628 0.423401 0.347639 0.724874 0.688733 0.011060 -0.009092
1724138709.352164 0.176276 0.453706 0.353601 0.719862 0.693252 0.023652 -0.025301
1724138709.385507 0.176127 0.482364 0.359710 0.715396 0.697055 0.032544 -0.035550
1724138709.418841 0.175502 0.511964 0.366144 0.712891 0.698384 0.041956 -0.047812
1724138709.452184 0.174535 0.540814 0.373613 0.709403 0.700507 0.049070 -0.060244
1724138709.485528 0.173299 0.568082 0.381675 0.705734 0.702843 0.053753 -0.071154
1724138709.518881 0.171858 0.594766 0.389200 0.702810 0.704537 0.057706 -0.079723
1724138709.552234 0.170731 0.620233 0.396922 0.699119 0.706214 0.063670 -0.091870
1724138709.585588 0.169732 0.643735 0.404102 0.696226 0.707423 0.068287 -0.100792
1724138709.618931 0.169039 0.664106 0.410292 0.692480 0.710427 0.070039 -0.104210
1724138709.652285 0.168354 0.683141 0.415501 0.686560 0.714981 0.073534 -0.109678
1724138709.685628 0.167554 0.700433 0.420317 0.679613 0.719500 0.078592 -0.119454
1724138709.718982 0.166928 0.715000 0.424148 0.672428 0.724420 0.082529 -0.127458
1724138709.752325 0.166097 0.725811 0.427028 0.665355 0.729581 0.084284 -0.133831
1724138709.785669 0.165187 0.733747 0.428933 0.659702 0.733511 0.083285 -0.140778
1724138709.819013 0.164266 0.738386 0.429732 0.656211 0.735345 0.081552 -0.148340
1724138709.852347 0.164080 0.739883 0.428756 0.654452 0.735901 0.080128 -0.154016
1724138709.885689 0.163741 0.738635 0.426540 0.654824 0.734099 0.079243 -0.161320
1724138709.919023 0.164980 0.733477 0.423236 0.657528 0.730340 0.078692 -0.167535
1724138709.952357 0.166431 0.725454 0.417944 0.660894 0.726501 0.078972 -0.170818
1724138709.985691 0.168840 0.714892 0.411791 0.665898 0.720604 0.079997 -0.175812
1724138710.019021 0.172284 0.700486 0.405540 0.672736 0.712925 0.080594 -0.180746
1724138710.052355 0.174460 0.684652 0.398813 0.680895 0.704289 0.079108 -0.184665
1724138710.085699 0.177588 0.666224 0.392004 0.689534 0.695431 0.075818 -0.187536
1724138710.119033 0.181381 0.645720 0.384436 0.697198 0.688140 0.073786 -0.186908
1724138710.152377 0.184554 0.624374 0.376698 0.703460 0.681977 0.072814 -0.186409
1724138710.185730 0.188617 0.601654 0.369159 0.706133 0.679399 0.072278 -0.185928
1724138710.219074 0.193078 0.578397 0.361713 0.706206 0.679553 0.072318 -0.185071
1724138710.252427 0.196567 0.554944 0.354635 0.705103 0.680749 0.071877 -0.185052
1724138710.285761 0.200111 0.531669 0.348580 0.703340 0.681926 0.071239 -0.187654
1724138710.319085 0.203351 0.508555 0.342623 0.702165 0.682816 0.069784 -0.189359
1724138710.352419 0.206125 0.485376 0.337086 0.703078 0.681679 0.067558 -0.190869
1724138710.385752 0.208859 0.462954 0.331934 0.705128 0.678652 0.066990 -0.194264
1724138710.419086 0.212235 0.441006 0.327357 0.707104 0.675556 0.067364 -0.197712
1724138710.452420 0.215712 0.418718 0.322983 0.708463 0.673019 0.068654 -0.201026
1724138710.485744 0.218815 0.397199 0.318723 0.710869 0.670429 0.068744 -0.201155
1724138710.519078 0.222204 0.375741 0.314828 0.711627 0.668996 0.070495 -0.202640
1724138710.552413 0.225587 0.354371 0.310492 0.712517 0.669147 0.068083 -0.199816
1724138710.585727 0.228804 0.331337 0.305471 0.713263 0.671475 0.061379 -0.191336
1724138710.619052 0.232427 0.309610 0.300150 0.715018 0.672940 0.055655 -0.181117
1724138710.652366 0.236310 0.289902 0.294810 0.716395 0.674521 0.052764 -0.170341
1724138710.685680 0.240329 0.272091 0.289502 0.717755 0.675746 0.050981 -0.159987
1724138710.719014 0.243521 0.256148 0.284748 0.720341 0.675896 0.047215 -0.148472
1724138710.752329 0.247002 0.242015 0.280317 0.721367 0.676878 0.046051 -0.139085
1724138710.785653 0.249901 0.230322 0.276515 0.722022 0.677419 0.045383 -0.133148
1724138710.818968 0.252315 0.219762 0.272983 0.723724 0.677301 0.040705 -0.125817
1724138710.852292 0.254172 0.210426 0.269481 0.724819 0.677371 0.039453 -0.119370
1724138710.885607 0.256321 0.203568 0.266479 0.726817 0.676150 0.038267 -0.114426
1724138710.918921 0.257255 0.198597 0.264069 0.730102 0.673300 0.038160 -0.110282
1724138710.952246 0.257999 0.195577 0.262451 0.732954 0.671023 0.035034 -0.106201
1724138710.985570 0.257709 0.193832 0.261558 0.733305 0.671050 0.032087 -0.104525
1724138711.018900 0.256751 0.195622 0.261982 0.732925 0.671611 0.027406 -0.104920
1724138711.052224 0.255033 0.201099 0.263461 0.733417 0.671069 0.021655 -0.106289
1724138711.085549 0.253049 0.209731 0.265776 0.733284 0.670345 0.020824 -0.111798
1724138711.118873 0.251075 0.221656 0.268417 0.732649 0.670143 0.020210 -0.117159
1724138711.152197 0.248997 0.235644 0.271192 0.730955 0.671347 0.019354 -0.120929
1724138711.185522 0.246888 0.251996 0.274277 0.728657 0.673355 0.018219 -0.123778
1724138711.218856 0.244411 0.269990 0.277593 0.726168 0.676114 0.015173 -0.123775
1724138711.252190 0.241767 0.291370 0.281457 0.721255 0.680318 0.018338 -0.128928
1724138711.285524 0.239132 0.313852 0.286522 0.717149 0.683989 0.017420 -0.132485
1724138711.318858 0.236318 0.336671 0.291500 0.712413 0.689341 0.013446 -0.130750
1724138711.352190 0.233734 0.361839 0.296956 0.707452 0.693604 0.018150 -0.134522
1724138711.385525 0.231413 0.387724 0.303734 0.705672 0.694685 0.019615 -0.138041
1724138711.418868 0.228869 0.412728 0.310323 0.703951 0.696513 0.019020 -0.137700
1724138711.452202 0.226596 0.438679 0.317188 0.703721 0.696326 0.021185 -0.139493
1724138711.485536 0.224522 0.463834 0.324186 0.706249 0.693300 0.021229 -0.141764
1724138711.518880 0.222655 0.488337 0.330212 0.707517 0.691958 0.023112 -0.141707
1724138711.552224 0.221633 0.512138 0.335026 0.708928 0.690709 0.027506 -0.139947
1724138711.585567 0.220686 0.533994 0.339682 0.710028 0.690353 0.028302 -0.135914
1724138711.618921 0.219344 0.555582 0.344175 0.709561 0.691188 0.030335 -0.133647
1724138711.652273 0.218028 0.575162 0.348910 0.708942 0.692288 0.030630 -0.131145
1724138711.685616 0.215905 0.593745 0.353945 0.706399 0.695158 0.029625 -0.129914
1724138711.718970 0.213966 0.612478 0.359513 0.702887 0.697629 0.032460 -0.134947
1724138711.752323 0.212211 0.630159 0.364736 0.700104 0.699437 0.037020 -0.138823
1724138711.785677 0.210883 0.646791 0.369690 0.696587 0.701752 0.043666 -0.142843
1724138711.819020 0.209637 0.662155 0.374632 0.692570 0.703791 0.052404 -0.149264
1724138711.852374 0.208249 0.675562 0.379089 0.688527 0.706055 0.059570 -0.154492
1724138711.885727 0.206365 0.685862 0.383666 0.684328 0.708346 0.065530 -0.160145
1724138711.919070 0.204520 0.694196 0.387814 0.680402 0.710515 0.069385 -0.165550
1724138711.952414 0.202593 0.699466 0.391200 0.677247 0.712381 0.071755 -0.169413
1724138711.985758 0.201135 0.701305 0.393574 0.674490 0.714161 0.073771 -0.172033
1724138712.019107 0.199695 0.699856 0.395127 0.671579 0.716101 0.075886 -0.174419
1724138712.052451 0.198906 0.695093 0.395348 0.669201 0.717434 0.078343 -0.176977
1724138712.085795 0.199367 0.687807 0.393299 0.667580 0.718724 0.080478 -0.176905
1724138712.119148 0.199875 0.676072 0.390248 0.667279 0.719476 0.080461 -0.174983
1724138712.152492 0.200009 0.662150 0.386176 0.668672 0.718917 0.078429 -0.172871
1724138712.185826 0.200676 0.646239 0.381252 0.671571 0.716804 0.077313 -0.170900
1724138712.219160 0.201804 0.628227 0.375443 0.675571 0.714903 0.073462 -0.164686
1724138712.252494 0.202619 0.607683 0.369969 0.681100 0.711450 0.067498 -0.159330
1724138712.285828 0.203263 0.586577 0.364210 0.686360 0.707417 0.062877 -0.156582
1724138712.319151 0.204713 0.564694 0.358896 0.689181 0.704445 0.060162 -0.158642
1724138712.352485 0.207012 0.541991 0.353207 0.689497 0.704284 0.056073 -0.159478
1724138712.385819 0.209257 0.517772 0.346939 0.687284 0.706661 0.053742 -0.159318
1724138712.419152 0.211753 0.493894 0.341316 0.685242 0.707784 0.052272 -0.163563
1724138712.452477 0.214098 0.469253 0.335907 0.683989 0.708603 0.047885 -0.166577
1724138712.485802 0.216881 0.443673 0.329883 0.681684 0.711242 0.043839 -0.165895
1724138712.519116 0.219897 0.417667 0.323837 0.680694 0.713099 0.039555 -0.163036
1724138712.552431 0.222634 0.392019 0.318738 0.682327 0.712646 0.032088 -0.159797
1724138712.585755 0.225296 0.366241 0.314210 0.684558 0.711579 0.025241 -0.156203
1724138712.619069 0.227782 0.341465 0.310606 0.686921 0.710311 0.018488 -0.152497
1724138712.652364 0.230700 0.318323 0.307596 0.688644 0.709759 0.012238 -0.147854
1724138712.685679 0.232805 0.296625 0.305207 0.690831 0.708813 0.006004 -0.142481
1724138712.718984 0.234849 0.277393 0.304003 0.693083 0.707748 -0.002409 -0.136828
1724138712.752289 0.236578 0.260852 0.302651 0.695988 0.705827 -0.006958 -0.131759
1724138712.785594 0.237886 0.246590 0.301321 0.700917 0.702445 -0.012632 -0.122991
1724138712.818889 0.239055 0.234971 0.300328 0.705513 0.699216 -0.017701 -0.114171
1724138712.852214 0.240245 0.226540 0.299640 0.709631 0.695930 -0.021048 -0.107993
1724138712.885548 0.241271 0.220009 0.299301 0.712831 0.693305 -0.024614 -0.102932
1724138712.918882 0.241901 0.215648 0.299303 0.713696 0.692739 -0.025364 -0.100539
1724138712.952215 0.242433 0.213969 0.299644 0.714531 0.692207 -0.027601 -0.097635
1724138712.985549 0.242568 0.214922 0.300304 0.715027 0.692133 -0.028992 -0.094062
1724138713.018881 0.242639 0.220277 0.301571 0.714904 0.692424 -0.027707 -0.093242
1724138713.052215 0.242321 0.229880 0.303837 0.714847 0.692486 -0.026342 -0.093617
1724138713.085549 0.241999 0.242737 0.306511 0.715321 0.692161 -0.025201 -0.092702
1724138713.118883 0.241520 0.257368 0.309773 0.716930 0.691135 -0.026300 -0.087476
1724138713.152217 0.241129 0.274422 0.313902 0.715912 0.692784 -0.023185 -0.083563
1724138713.185551 0.239911 0.294787 0.319077 0.714208 0.694510 -0.013233 -0.085951
1724138713.218885 0.237710 0.313668 0.325315 0.713657 0.695829 -0.010582 -0.080023
1724138713.252219 0.234090 0.331872 0.331919 0.712712 0.697900 -0.007633 -0.070136
1724138713.285553 0.229542 0.350870 0.339134 0.713001 0.698181 0.000026 -0.064605
1724138713.318886 0.222781 0.367910 0.347368 0.715532 0.696352 0.001557 -0.055721
1724138713.352220 0.212896 0.382900 0.356178 0.717661 0.694786 -0.001526 -0.047245
1724138713.385554 0.200818 0.396898 0.365065 0.720589 0.692079 -0.006110 -0.041724
1724138713.418888 0.186681 0.409330 0.373554 0.723153 0.689525 -0.011823 -0.038290
1724138713.452222 0.170222 0.420875 0.381199 0.723478 0.689016 -0.015787 -0.039843
1724138713.485556 0.153036 0.431099 0.387702 0.723237 0.688994 -0.019274 -0.042931
1724138713.518890 0.134951 0.438816 0.392694 0.723076 0.689148 -0.025055 -0.040096
1724138713.552224 0.115855 0.444968 0.397252 0.722531 0.689560 -0.031850 -0.037957
1724138713.585558 0.095809 0.449795 0.401679 0.721353 0.690384 -0.039680 -0.038030
1724138713.618891 0.075791 0.452833 0.405801 0.719515 0.691783 -0.049509 -0.035814
1724138713.652186 0.055282 0.455484 0.409270 0.718562 0.692096 -0.058133 -0.035967
1724138713.685520 0.034409 0.458668 0.412599 0.718496 0.691185 -0.066865 -0.039453
1724138713.718853 0.014058 0.461143 0.415569 0.717796 0.690817 -0.075466 -0.042963
1724138713.752187 -0.005563 0.463088 0.417760 0.715934 0.691908 -0.080867 -0.046491
1724138713.785483 -0.024107 0.465172 0.419471 0.713812 0.693257 -0.085582 -0.050426
1724138713.818817 -0.042044 0.467140 0.420993 0.712159 0.693898 -0.091300 -0.054773
1724138713.852151 -0.058983 0.469230 0.422460 0.710931 0.693994 -0.096923 -0.059625
1724138713.885484 -0.074955 0.471393 0.424532 0.710206 0.693434 -0.101220 -0.067170
1724138713.918818 -0.090028 0.473382 0.426172 0.709895 0.692556 -0.104885 -0.073586
1724138713.952152 -0.102658 0.474695 0.427549 0.710327 0.691146 -0.108315 -0.077595
1724138713.985486 -0.112862 0.475919 0.428502 0.711681 0.688993 -0.111109 -0.080330
1724138714.018817 -0.120690 0.477055 0.429370 0.712974 0.686953 -0.113211 -0.083342
1724138714.052151 -0.126361 0.478029 0.430142 0.714554 0.684758 -0.116058 -0.083965
1724138714.085485 -0.129638 0.479235 0.431310 0.716014 0.682705 -0.119325 -0.083667
1724138714.118819 -0.130715 0.481146 0.432809 0.716150 0.681907 -0.121354 -0.086054
1724138714.152153 -0.129778 0.483333 0.434854 0.714596 0.682846 -0.123209 -0.088846
1724138714.185487 -0.126604 0.485333 0.437256 0.711036 0.685983 -0.125256 -0.090360
1724138714.218821 -0.120847 0.487513 0.440348 0.704986 0.691515 -0.126250 -0.094143
1724138714.252155 -0.112708 0.489999 0.443460 0.698551 0.697473 -0.125081 -0.099559
1724138714.285488 -0.102628 0.491780 0.446345 0.693235 0.702596 -0.124772 -0.101076
1724138714.318822 -0.090561 0.492393 0.449196 0.687617 0.707965 -0.126645 -0.099644
1724138714.352156 -0.076468 0.492702 0.451730 0.683666 0.711803 -0.128248 -0.097411
1724138714.385490 -0.060297 0.492821 0.453392 0.681955 0.713992 -0.127370 -0.094494
1724138714.418824 -0.043072 0.492486 0.454636 0.682202 0.714567 -0.127650 -0.087745
1724138714.452158 -0.024509 0.492040 0.455789 0.686032 0.711689 -0.129338 -0.078298
1724138714.485492 -0.004346 0.492711 0.456531 0.691392 0.707762 -0.126163 -0.071637
1724138714.518826 0.017237 0.493657 0.456782 0.696374 0.704406 -0.120122 -0.066672
1724138714.552160 0.039992 0.494028 0.457126 0.701874 0.700083 -0.117620 -0.058505
1724138714.585493 0.063378 0.494074 0.457844 0.706040 0.697114 -0.114436 -0.049425
1724138714.618827 0.087306 0.494769 0.458232 0.708593 0.695980 -0.108357 -0.042023
1724138714.652161 0.111367 0.496289 0.458891 0.712634 0.692659 -0.105502 -0.035302
1724138714.685534 0.134882 0.497694 0.459947 0.716348 0.689320 -0.104148 -0.028935
1724138714.718868 0.157945 0.498947 0.460263 0.719066 0.687191 -0.101980 -0.017675
1724138714.752202 0.180207 0.500791 0.460288 0.721545 0.685145 -0.099478 -0.007311
1724138714.785536 0.201790 0.503123 0.460465 0.722041 0.685127 -0.096158 -0.003364
1724138714.818870 0.224185 0.505246 0.459300 0.721107 0.686842 -0.090821 0.001753
1724138714.852242 0.246791 0.506006 0.457104 0.717654 0.691397 -0.082997 0.007429
1724138714.885576 0.268586 0.505670 0.455186 0.712837 0.696797 -0.078669 0.012167
1724138714.918910 0.289812 0.504393 0.452472 0.710174 0.699735 -0.074978 0.020076
1724138714.952244 0.309450 0.502442 0.449497 0.707185 0.702991 -0.071165 0.025053
1724138714.985578 0.327880 0.498707 0.448027 0.705545 0.703991 -0.075397 0.030286
1724138715.018909 0.345284 0.493910 0.445472 0.707471 0.701242 -0.077668 0.041384
1724138715.052243 0.360516 0.489870 0.443103 0.710493 0.698102 -0.076498 0.044733
1724138715.085577 0.374858 0.484708 0.441857 0.712838 0.695337 -0.078186 0.047504
1724138715.118911 0.388529 0.478590 0.440088 0.716741 0.690588 -0.078182 0.057084
1724138715.152245 0.401562 0.473434 0.438645 0.721187 0.685703 -0.075643 0.063079
1724138715.185579 0.413092 0.468769 0.437924 0.724193 0.682463 -0.072407 0.067419
1724138715.218922 0.422675 0.464993 0.437502 0.727630 0.678824 -0.068242 0.071381
1724138715.252256 0.430242 0.462190 0.437544 0.730818 0.675390 -0.064632 0.074669
1724138715.285609 0.434878 0.460044 0.437978 0.732112 0.673988 -0.061542 0.077236
1724138715.318962 0.436549 0.459118 0.439029 0.733184 0.672779 -0.060014 0.078788
1724138715.352325 0.435616 0.459780 0.440505 0.734083 0.671798 -0.059180 0.079421
1724138715.385688 0.432158 0.462108 0.442121 0.733642 0.672827 -0.056075 0.076992
1724138715.419041 0.425548 0.466345 0.443716 0.731778 0.675693 -0.051879 0.072445
1724138715.452394 0.415876 0.471692 0.445554 0.729449 0.679122 -0.047349 0.066753
1724138715.485748 0.403480 0.477341 0.447530 0.727843 0.681447 -0.043484 0.063114
1724138715.519101 0.388151 0.483227 0.449278 0.726755 0.683066 -0.039711 0.060597
1724138715.552444 0.369809 0.488812 0.451137 0.725202 0.685140 -0.036589 0.057676
1724138715.585768 0.348466 0.494616 0.453032 0.722641 0.688400 -0.034613 0.051932
1724138715.619102 0.324742 0.499390 0.454800 0.719371 0.692157 -0.034485 0.047270
1724138715.652427 0.300259 0.503776 0.455949 0.715419 0.696564 -0.033281 0.043192
1724138715.685761 0.273707 0.509071 0.456845 0.712313 0.700299 -0.032138 0.034051
1724138715.719075 0.245743 0.513841 0.457295 0.710854 0.702214 -0.032288 0.023259
1724138715.752389 0.217452 0.516818 0.457313 0.710879 0.702103 -0.036599 0.019070
1724138715.785695 0.187549 0.518802 0.457572 0.710699 0.702005 -0.043977 0.012707
1724138715.818999 0.157026 0.521020 0.457501 0.711370 0.701000 -0.050487 0.001469
1724138715.852294 0.127528 0.522786 0.457050 0.713073 0.698769 -0.056328 -0.008672
1724138715.885590 0.097795 0.523779 0.456196 0.713819 0.697351 -0.061629 -0.019149
1724138715.918885 0.069130 0.523634 0.455197 0.713620 0.696644 -0.067404 -0.029833
1724138715.952219 0.041536 0.522052 0.454220 0.712142 0.697073 -0.074012 -0.038276
1724138715.985553 0.015774 0.519776 0.452955 0.709162 0.698998 -0.079152 -0.047184
1724138716.018884 -0.007806 0.517046 0.452027 0.706227 0.700650 -0.084853 -0.055974
1724138716.052218 -0.029393 0.513664 0.451275 0.703975 0.701518 -0.091677 -0.062346
1724138716.085552 -0.048346 0.510716 0.450076 0.702406 0.702028 -0.097009 -0.066127
1724138716.118847 -0.064205 0.508807 0.447759 0.700847 0.703295 -0.097305 -0.068715
1724138716.152181 -0.077623 0.506825 0.445409 0.698918 0.705334 -0.095551 -0.069904
1724138716.185515 -0.089033 0.505066 0.443850 0.696755 0.707554 -0.094825 -0.070059
1724138716.218849 -0.098355 0.503229 0.441974 0.693785 0.710834 -0.092276 -0.069730
1724138716.252183 -0.105021 0.501902 0.440083 0.691136 0.713643 -0.089916 -0.070425
1724138716.285516 -0.109000 0.500929 0.438712 0.690411 0.714130 -0.090049 -0.072410
1724138716.318850 -0.109840 0.499993 0.437347 0.689123 0.715015 -0.091499 -0.074099
1724138716.352184 -0.107091 0.498409 0.436174 0.687915 0.715902 -0.094401 -0.073120
1724138716.385518 -0.101275 0.497619 0.434869 0.687823 0.715906 -0.096851 -0.070697
1724138716.418852 -0.091887 0.497845 0.433539 0.688054 0.716156 -0.094685 -0.068831
1724138716.452186 -0.079605 0.498856 0.431001 0.688745 0.716915 -0.088496 -0.061900
1724138716.485520 -0.064951 0.499803 0.428981 0.690835 0.716542 -0.080389 -0.053397
1724138716.518853 -0.048033 0.501195 0.426970 0.694201 0.714953 -0.070566 -0.044136
1724138716.552187 -0.028142 0.503148 0.424535 0.698709 0.712357 -0.057964 -0.031504
1724138716.585521 -0.006434 0.505244 0.421616 0.704417 0.708496 -0.040148 -0.014774
1724138716.618855 0.016801 0.506633 0.418671 0.710509 0.703417 -0.018937 0.004741
1724138716.652189 0.041646 0.508409 0.415953 0.716036 0.697557 0.003607 0.026342
1724138716.685562 0.067401 0.510229 0.413794 0.719598 0.692171 0.030966 0.046029
1724138716.718896 0.092663 0.511790 0.411793 0.721276 0.686554 0.061576 0.067918
1724138716.752269 0.118007 0.513206 0.411413 0.721328 0.680967 0.089944 0.088768
1724138716.785602 0.142706 0.513515 0.412106 0.721734 0.674019 0.114952 0.107630
1724138716.818945 0.166093 0.513329 0.412358 0.720844 0.667883 0.136749 0.124969
1724138716.852308 0.188245 0.511942 0.413439 0.720632 0.662098 0.151562 0.139081
1724138716.885691 0.209726 0.510018 0.413862 0.721351 0.656019 0.161266 0.152592
1724138716.919092 0.230731 0.507955 0.413739 0.721394 0.652437 0.166338 0.162011
1724138716.952484 0.249527 0.505996 0.412541 0.722948 0.650177 0.166197 0.164300
1724138716.985876 0.268371 0.503095 0.411687 0.725042 0.648820 0.161575 0.165047
1724138717.019265 0.287396 0.498581 0.409981 0.725052 0.648639 0.154403 0.172415
1724138717.052647 0.305005 0.493736 0.407453 0.725338 0.649780 0.142441 0.177148
1724138717.086039 0.320753 0.490445 0.404026 0.726987 0.652482 0.128916 0.170699
1724138717.119421 0.335481 0.486958 0.400977 0.730192 0.655022 0.110784 0.159664
1724138717.152785 0.347999 0.481876 0.398487 0.732983 0.657796 0.085201 0.150936
1724138717.186157 0.357983 0.477434 0.396221 0.733445 0.663046 0.057461 0.138296
1724138717.219520 0.365637 0.475385 0.394528 0.733859 0.668967 0.031385 0.113791
1724138717.252863 0.370548 0.473932 0.394714 0.736747 0.670917 0.002622 0.084070
1724138717.286197 0.372638 0.471130 0.397011 0.738671 0.670291 -0.032527 0.063383
1724138717.319521 0.372585 0.468308 0.400594 0.739232 0.668359 -0.068675 0.046001
1724138717.352826 0.371012 0.467524 0.404976 0.741166 0.663253 -0.100551 0.025655
1724138717.386122 0.368241 0.468095 0.409676 0.740615 0.659921 -0.126441 0.002394
1724138717.419407 0.364490 0.469538 0.413423 0.738045 0.658898 -0.144150 -0.019060
1724138717.452683 0.359874 0.471801 0.415927 0.736591 0.656887 -0.156929 -0.036160
1724138717.485959 0.354121 0.474098 0.417880 0.735026 0.655498 -0.166918 -0.046876
1724138717.519244 0.347177 0.476486 0.419221 0.733149 0.655871 -0.172517 -0.050631
1724138717.552520 0.338535 0.479277 0.420877 0.734116 0.653613 -0.178133 -0.046187
1724138717.585806 0.328419 0.482353 0.423442 0.736408 0.649453 -0.186313 -0.034672
1724138717.619081 0.318006 0.485498 0.426227 0.739843 0.643040 -0.197332 -0.013836
1724138717.652368 0.307840 0.487947 0.429134 0.740225 0.637739 -0.211941 0.020911
1724138717.685644 0.297128 0.493629 0.432618 0.740915 0.630708 -0.224211 0.054609
1724138717.718949 0.286846 0.502362 0.436287 0.741080 0.624937 -0.232169 0.079698
1724138717.752243 0.277071 0.513076 0.439688 0.737129 0.624920 -0.236180 0.101662
1724138717.785577 0.267167 0.526764 0.442967 0.733884 0.626003 -0.236724 0.116170
1724138717.818872 0.257112 0.542436 0.446693 0.731740 0.626415 -0.236998 0.126466
1724138717.852206 0.247485 0.558526 0.450981 0.726822 0.629684 -0.237979 0.136359
1724138717.885540 0.237983 0.575824 0.454928 0.722321 0.633642 -0.236593 0.144130
1724138717.918874 0.228466 0.593261 0.458618 0.719498 0.635213 -0.235586 0.152729
1724138717.952208 0.219197 0.609259 0.462768 0.717071 0.633908 -0.237757 0.165655
1724138717.985542 0.210322 0.624534 0.466716 0.714827 0.630509 -0.241324 0.182325
1724138718.018873 0.202129 0.639615 0.469981 0.713659 0.628876 -0.240939 0.192755
1724138718.052207 0.194290 0.654316 0.472065 0.712540 0.629432 -0.237901 0.198761
1724138718.085541 0.187237 0.667328 0.473173 0.711666 0.631330 -0.231568 0.203300
1724138718.118875 0.181095 0.678334 0.473590 0.711130 0.635417 -0.221599 0.203552
1724138718.152209 0.175431 0.687473 0.473182 0.710285 0.640605 -0.210367 0.202153
1724138718.185543 0.170419 0.695375 0.472079 0.711032 0.646597 -0.196759 0.193990
1724138718.218877 0.166106 0.701232 0.470410 0.712952 0.653083 -0.179554 0.181501
1724138718.252249 0.162950 0.704367 0.468336 0.713382 0.661171 -0.160232 0.168120
1724138718.285583 0.160391 0.705192 0.466292 0.713286 0.670063 -0.140122 0.150351
1724138718.318917 0.158759 0.703143 0.464903 0.712973 0.677735 -0.121097 0.132970
1724138718.352251 0.157901 0.698548 0.462998 0.713553 0.683511 -0.101072 0.115925
1724138718.385585 0.157545 0.692187 0.461133 0.716767 0.686321 -0.080264 0.093630
1724138718.418919 0.157277 0.684610 0.458945 0.720046 0.688197 -0.057722 0.067721
1724138718.452292 0.157514 0.676444 0.456646 0.724556 0.687544 -0.030696 0.036872
1724138718.485625 0.158494 0.665927 0.454673 0.729704 0.683636 -0.004392 0.012417
1724138718.518959 0.160171 0.652575 0.452582 0.732590 0.680246 0.023109 -0.006551
1724138718.552302 0.162833 0.638742 0.450480 0.735784 0.674765 0.051300 -0.026126
1724138718.585646 0.166420 0.623918 0.448589 0.740011 0.666825 0.077092 -0.042262
1724138718.619009 0.169592 0.607146 0.447153 0.742470 0.660396 0.097737 -0.055346
1724138718.652372 0.172743 0.589279 0.446045 0.745875 0.653322 0.112678 -0.064374
1724138718.685745 0.176687 0.571158 0.444635 0.749011 0.646895 0.125840 -0.068365
1724138718.719117 0.181245 0.553640 0.443485 0.750270 0.642199 0.139597 -0.072030
1724138718.752489 0.185967 0.537063 0.442106 0.750679 0.638254 0.153406 -0.074690
1724138718.785871 0.190971 0.521236 0.440454 0.750469 0.634847 0.167431 -0.075707
1724138718.819244 0.195599 0.505503 0.438507 0.750228 0.632514 0.177674 -0.074270
1724138718.852626 0.200205 0.490189 0.436380 0.746810 0.633466 0.189376 -0.071634
1724138718.886008 0.203730 0.475636 0.434654 0.737579 0.640002 0.203002 -0.071873
1724138718.919391 0.205834 0.460603 0.433346 0.731053 0.647195 0.204839 -0.068856
1724138718.952773 0.206567 0.445176 0.431884 0.730102 0.651717 0.196078 -0.061396
1724138718.986154 0.208366 0.432059 0.430731 0.726802 0.656717 0.193688 -0.054461
1724138719.019515 0.209358 0.422051 0.430494 0.722265 0.660626 0.197368 -0.054329
1724138719.052878 0.209422 0.412674 0.430567 0.720813 0.662973 0.195388 -0.052141
1724138719.086232 0.208566 0.404855 0.430081 0.719896 0.664858 0.193375 -0.048165
1724138719.119585 0.208088 0.399476 0.429386 0.718300 0.665935 0.196145 -0.045853
1724138719.152948 0.206665 0.395493 0.428752 0.718798 0.665837 0.195191 -0.043475
1724138719.186301 0.204451 0.392408 0.427835 0.720492 0.666358 0.188504 -0.036382
1724138719.219645 0.201900 0.393184 0.427680 0.721633 0.666742 0.183502 -0.032060
1724138719.252987 0.199242 0.397674 0.428341 0.724486 0.665386 0.177540 -0.029346
1724138719.286331 0.196358 0.404749 0.429004 0.726859 0.665089 0.169604 -0.023815
1724138719.319675 0.193677 0.414046 0.429768 0.728175 0.666113 0.160606 -0.016137
1724138719.353019 0.191291 0.425094 0.430850 0.728248 0.668619 0.150200 -0.006600
1724138719.386362 0.189198 0.439076 0.432503 0.726568 0.672180 0.142381 -0.001065
1724138719.419706 0.187599 0.452024 0.434398 0.726981 0.675256 0.123983 0.012551
1724138719.453030 0.186665 0.464516 0.435661 0.724176 0.680561 0.106120 0.033820
1724138719.486363 0.185604 0.480039 0.437402 0.722555 0.683213 0.093912 0.048119
1724138719.519687 0.183631 0.494628 0.439987 0.725875 0.680753 0.071938 0.067128
1724138719.553012 0.182232 0.508684 0.442865 0.724723 0.681591 0.051235 0.087096
1724138719.586336 0.181392 0.524164 0.445513 0.721876 0.683200 0.037754 0.103475
1724138719.619651 0.179450 0.539981 0.448865 0.722130 0.681078 0.021054 0.119238
1724138719.652956 0.176453 0.557140 0.452600 0.723551 0.678571 0.005165 0.126447
1724138719.686270 0.173847 0.573630 0.456493 0.724462 0.675823 -0.010268 0.135326
1724138719.719575 0.171596 0.587603 0.461104 0.721714 0.674693 -0.025490 0.152542
1724138719.752880 0.169450 0.602146 0.465120 0.720190 0.672080 -0.035523 0.168444
1724138719.786175 0.167733 0.616778 0.468634 0.719020 0.669992 -0.041920 0.179898
1724138719.819480 0.166956 0.629766 0.472198 0.715047 0.670644 -0.048247 0.191354
1724138719.852785 0.165573 0.641853 0.475617 0.712879 0.669331 -0.055347 0.201831
1724138719.886071 0.162701 0.653189 0.479116 0.712358 0.667277 -0.065393 0.207390
1724138719.919366 0.159845 0.662138 0.482961 0.711855 0.664486 -0.077837 0.213689
1724138719.952660 0.157476 0.668284 0.487143 0.711975 0.658929 -0.093146 0.224116
1724138719.985946 0.155183 0.672512 0.490958 0.710751 0.654934 -0.108092 0.232832
1724138720.019230 0.153594 0.676316 0.493323 0.709137 0.655669 -0.115967 0.231893
1724138720.052516 0.153228 0.678954 0.494230 0.707741 0.658081 -0.117449 0.228555
1724138720.085810 0.153110 0.679690 0.493852 0.706575 0.660829 -0.113767 0.226085
1724138720.119097 0.153246 0.679473 0.492356 0.706905 0.663992 -0.105732 0.219592
1724138720.152391 0.153319 0.677918 0.489955 0.708901 0.666633 -0.095049 0.209822
1724138720.185687 0.152812 0.673967 0.487741 0.711873 0.667797 -0.086094 0.199681
1724138720.218992 0.152044 0.667456 0.486138 0.714916 0.667426 -0.082569 0.191366
1724138720.252316 0.150652 0.661037 0.483710 0.719680 0.667108 -0.076158 0.176715
1724138720.285650 0.149721 0.654296 0.481328 0.725775 0.666773 -0.066587 0.155661
1724138720.318984 0.149013 0.645668 0.479248 0.728951 0.668163 -0.057991 0.137204
1724138720.352318 0.148793 0.636935 0.476895 0.730640 0.671476 -0.044846 0.115214
1724138720.385652 0.149473 0.628166 0.474626 0.732222 0.674519 -0.028072 0.089926
1724138720.418986 0.150415 0.617444 0.472747 0.729140 0.680904 -0.013127 0.067471
1724138720.452320 0.151056 0.606043 0.470900 0.724232 0.687990 0.002246 0.046389
1724138720.485662 0.152748 0.595246 0.469329 0.721752 0.691530 0.019317 0.022068
1724138720.518996 0.154799 0.582715 0.467157 0.717432 0.695674 0.036092 0.005173
1724138720.552330 0.156236 0.569255 0.464803 0.712143 0.700036 0.052141 -0.009145
1724138720.585674 0.157692 0.556275 0.463339 0.709571 0.701052 0.066112 -0.025754
1724138720.619018 0.159760 0.542745 0.461310 0.706057 0.702521 0.080750 -0.037774
1724138720.652370 0.161429 0.528494 0.459398 0.700252 0.706009 0.094244 -0.048133
1724138720.685724 0.162927 0.515367 0.458025 0.693576 0.709234 0.109525 -0.062797
1724138720.719077 0.164847 0.503002 0.456559 0.687940 0.710365 0.126805 -0.077721
1724138720.752420 0.166545 0.489678 0.455113 0.684840 0.710025 0.138619 -0.087423
1724138720.785774 0.168700 0.476330 0.453750 0.680560 0.710883 0.149523 -0.095529
1724138720.819127 0.170744 0.463129 0.452316 0.677324 0.710988 0.159061 -0.102111
1724138720.852471 0.172214 0.448852 0.450555 0.673709 0.712957 0.164231 -0.104097
1724138720.885823 0.173751 0.435504 0.449215 0.669622 0.715305 0.168607 -0.107320
1724138720.919168 0.175010 0.422664 0.448044 0.668233 0.716229 0.169602 -0.108244
1724138720.952519 0.176470 0.410221 0.446579 0.664632 0.719406 0.171326 -0.106619
1724138720.985863 0.177594 0.399162 0.445501 0.660266 0.722194 0.175146 -0.108665
1724138721.019215 0.178050 0.388258 0.444063 0.661081 0.723040 0.170933 -0.104729
1724138721.052549 0.178730 0.377056 0.441944 0.662414 0.725562 0.162370 -0.091667
1724138721.085873 0.178346 0.369297 0.440353 0.662937 0.726976 0.158748 -0.082585
1724138721.119207 0.176709 0.363542 0.439315 0.667818 0.725561 0.150479 -0.070267
1724138721.152541 0.175058 0.359843 0.438464 0.676743 0.721020 0.139575 -0.051657
1724138721.185875 0.173303 0.360048 0.437907 0.686705 0.713439 0.135027 -0.034767
1724138721.219209 0.170881 0.362440 0.437503 0.697916 0.703836 0.131262 -0.017258
1724138721.252542 0.167825 0.364691 0.436970 0.709162 0.694203 0.122956 0.007286
1724138721.285876 0.163944 0.367403 0.436456 0.720204 0.683829 0.111451 0.035543
1724138721.319220 0.159678 0.372213 0.436131 0.728438 0.674671 0.103472 0.059086
1724138721.352573 0.154859 0.378616 0.435915 0.734994 0.666207 0.099671 0.077570
1724138721.385916 0.149374 0.384766 0.435594 0.741669 0.656369 0.094019 0.101332
1724138721.419270 0.144081 0.392268 0.434599 0.745797 0.647959 0.094313 0.122641
1724138721.452624 0.139256 0.401932 0.433099 0.747957 0.640926 0.104586 0.137243
1724138721.485995 0.134332 0.412229 0.431732 0.750982 0.632239 0.117938 0.149636
1724138721.519358 0.129566 0.421565 0.430035 0.752321 0.623813 0.132478 0.165287
1724138721.552731 0.125109 0.430929 0.427788 0.753905 0.613291 0.150803 0.180997
1724138721.586113 0.120348 0.439395 0.425594 0.756336 0.600636 0.169419 0.196188
1724138721.619515 0.115937 0.445780 0.423588 0.757375 0.588161 0.185514 0.214556
1724138721.652926 0.111437 0.450702 0.421369 0.757764 0.575128 0.200288 0.234319
1724138721.686327 0.107068 0.454454 0.418868 0.756881 0.564028 0.211377 0.253620
1724138721.719738 0.102481 0.456589 0.416404 0.755376 0.554574 0.219219 0.271659
1724138721.753139 0.098422 0.457505 0.413784 0.753482 0.546800 0.222900 0.289122
1724138721.786551 0.094850 0.458066 0.410792 0.749813 0.542024 0.226242 0.304639
1724138721.819952 0.092305 0.458308 0.408165 0.744982 0.539480 0.230073 0.317852
1724138721.853354 0.090156 0.458095 0.405853 0.739127 0.538437 0.233396 0.330611
1724138721.886756 0.088617 0.458426 0.403807 0.734871 0.537606 0.235652 0.339723
1724138721.920147 0.087589 0.459860 0.401538 0.732212 0.538060 0.238358 0.342845
1724138721.953539 0.087360 0.461939 0.399148 0.730323 0.541395 0.239965 0.340494
1724138721.986931 0.087400 0.463990 0.397073 0.731450 0.545317 0.236760 0.333999
1724138722.020302 0.088068 0.466710 0.395187 0.735892 0.549316 0.229037 0.322889
1724138722.053684 0.089116 0.469723 0.393320 0.741123 0.555846 0.218672 0.306518
1724138722.087056 0.090707 0.472734 0.392004 0.747037 0.564155 0.202816 0.287282
1724138722.120420 0.092603 0.475145 0.391699 0.752032 0.574301 0.182293 0.267199
1724138722.153773 0.095389 0.477692 0.392304 0.754627 0.588249 0.158066 0.243961
1724138722.187126 0.099146 0.480498 0.394319 0.754925 0.604724 0.132583 0.216376
1724138722.220470 0.103432 0.483995 0.397008 0.756094 0.618233 0.107589 0.185832
1724138722.253803 0.108083 0.488101 0.400329 0.756006 0.630862 0.083490 0.153290
1724138722.287108 0.113435 0.492701 0.404079 0.755014 0.642104 0.060653 0.118224
1724138722.320403 0.119182 0.496885 0.408987 0.756103 0.648240 0.033684 0.083414
1724138722.353689 0.125375 0.499425 0.414712 0.754333 0.654275 0.005328 0.053644
1724138722.386955 0.132688 0.500897 0.421014 0.750274 0.660034 -0.025639 0.028037
1724138722.420212 0.141858 0.501967 0.426591 0.745474 0.664334 -0.053979 0.003876
1724138722.453458 0.152656 0.501864 0.431198 0.738609 0.669293 -0.079388 -0.014160
1724138722.486705 0.164425 0.501150 0.435566 0.730199 0.674362 -0.105472 -0.030362
1724138722.519942 0.177684 0.500148 0.439195 0.720345 0.680182 -0.127046 -0.048101
1724138722.553180 0.191949 0.499010 0.441303 0.708625 0.688020 -0.141125 -0.067548
1724138722.586407 0.206486 0.496751 0.443209 0.695869 0.695728 -0.154664 -0.088362
1724138722.619645 0.221442 0.493062 0.445216 0.682912 0.702348 -0.171236 -0.104962
1724138722.652872 0.236033 0.489037 0.445810 0.671348 0.707693 -0.184181 -0.120581
1724138722.686109 0.249728 0.484273 0.446133 0.660860 0.711426 -0.197855 -0.134130
1724138722.719326 0.262611 0.478772 0.447389 0.649615 0.714389 -0.213390 -0.148702
1724138722.752564 0.274080 0.473080 0.449013 0.641197 0.714552 -0.230126 -0.159137
1724138722.785792 0.283433 0.467924 0.450716 0.636748 0.710732 -0.248924 -0.165679
1724138722.819029 0.291141 0.463301 0.452824 0.632686 0.705669 -0.267201 -0.174191
1724138722.852276 0.297415 0.459796 0.456007 0.628852 0.698824 -0.283681 -0.188983
1724138722.885610 0.302758 0.457083 0.459815 0.627103 0.689575 -0.302428 -0.199412
1724138722.918943 0.308344 0.454876 0.463682 0.624118 0.680834 -0.319938 -0.211144
1724138722.952277 0.314215 0.452814 0.466999 0.621604 0.673945 -0.335131 -0.217010
1724138722.985611 0.319362 0.452598 0.468855 0.624589 0.666269 -0.344840 -0.216930
1724138723.018944 0.324114 0.453892 0.469632 0.629518 0.660721 -0.346244 -0.217416
1724138723.052278 0.328601 0.455754 0.468458 0.634967 0.659973 -0.339585 -0.214324
1724138723.085612 0.332146 0.458233 0.465650 0.643276 0.660450 -0.326080 -0.208985
1724138723.118946 0.334359 0.461507 0.461675 0.654573 0.660131 -0.309486 -0.199947
1724138723.152318 0.336554 0.463549 0.457097 0.665405 0.661314 -0.293273 -0.184095
1724138723.185652 0.338196 0.464894 0.452465 0.674923 0.663648 -0.275327 -0.168063
1724138723.218987 0.338924 0.465753 0.447345 0.683489 0.666452 -0.257733 -0.149194
1724138723.252320 0.338719 0.466074 0.441296 0.691335 0.669866 -0.239296 -0.126781
1724138723.285654 0.337652 0.465211 0.435082 0.698225 0.673880 -0.219347 -0.101262
1724138723.318988 0.335576 0.462369 0.428371 0.704226 0.677396 -0.202050 -0.066149
1724138723.352322 0.332321 0.459582 0.422772 0.711860 0.676218 -0.187081 -0.031395
1724138723.385656 0.327878 0.457016 0.418627 0.720120 0.672327 -0.171466 -0.001738
1724138723.418990 0.322409 0.455191 0.415018 0.727455 0.668524 -0.152687 0.023915
1724138723.452323 0.316960 0.454855 0.411307 0.734385 0.665185 -0.128489 0.041210
1724138723.485657 0.311859 0.454704 0.408057 0.739588 0.662571 -0.101148 0.061473
1724138723.519030 0.305786 0.454441 0.404880 0.743473 0.659019 -0.072570 0.087612
1724138723.552364 0.299816 0.454860 0.402476 0.745215 0.655863 -0.041483 0.113037
1724138723.585698 0.295085 0.456841 0.400459 0.746920 0.651312 -0.000904 0.133801
1724138723.619041 0.290192 0.459552 0.399196 0.747823 0.644180 0.040541 0.155399
1724138723.652414 0.284716 0.461789 0.399691 0.747570 0.635075 0.077218 0.178485
1724138723.685795 0.279759 0.462526 0.401470 0.744981 0.624837 0.111104 0.205518
1724138723.719197 0.273293 0.463474 0.403198 0.742611 0.612228 0.140790 0.232128
1724138723.752608 0.267161 0.464356 0.405924 0.742199 0.597190 0.165846 0.254950
1724138723.786029 0.260379 0.463707 0.409061 0.738188 0.583019 0.188832 0.281974
1724138723.819450 0.252743 0.463391 0.411599 0.733522 0.568250 0.212985 0.306062
1724138723.852890 0.244897 0.463256 0.413652 0.729144 0.553360 0.236379 0.325987
1724138723.886331 0.237380 0.461840 0.416558 0.724114 0.539361 0.254285 0.346536
1724138723.919760 0.228517 0.459192 0.418031 0.720240 0.525616 0.267126 0.365548
1724138723.953201 0.219319 0.456059 0.418734 0.717347 0.514418 0.276269 0.380083
1724138723.986622 0.210099 0.452785 0.419075 0.715974 0.503550 0.282698 0.392301
1724138724.020041 0.200260 0.449827 0.418329 0.716151 0.492793 0.287500 0.402028
1724138724.053462 0.190658 0.447876 0.416895 0.717550 0.485371 0.289942 0.406781
1724138724.086863 0.180840 0.446373 0.414323 0.720311 0.482050 0.289759 0.405980
1724138724.120275 0.171637 0.446144 0.411248 0.724407 0.482338 0.287116 0.400186
1724138724.153676 0.162630 0.447237 0.408250 0.729030 0.488125 0.281239 0.388786
1724138724.187058 0.155464 0.449919 0.405378 0.734410 0.498367 0.271833 0.371993
1724138724.220450 0.149027 0.453655 0.403300 0.739952 0.511639 0.259282 0.351382
1724138724.253822 0.143551 0.458274 0.402234 0.743939 0.528070 0.244160 0.328758
1724138724.287205 0.138486 0.463360 0.401740 0.745823 0.546151 0.228922 0.305059
1724138724.320577 0.134416 0.469505 0.401848 0.748417 0.561991 0.212220 0.281070
1724138724.353940 0.130494 0.475797 0.402872 0.752302 0.572609 0.193611 0.262059
1724138724.387294 0.127571 0.482569 0.405371 0.755623 0.581375 0.176904 0.244420
1724138724.420637 0.125382 0.490268 0.408659 0.758582 0.588819 0.160753 0.228045
1724138724.453980 0.124647 0.498797 0.413591 0.759979 0.595843 0.145340 0.215125
1724138724.487304 0.125036 0.508407 0.419034 0.759292 0.602670 0.135803 0.204506
1724138724.520629 0.125468 0.518316 0.424004 0.759990 0.606132 0.125492 0.198169
1724138724.553943 0.126437 0.528316 0.429347 0.762040 0.607448 0.113587 0.193389
1724138724.587248 0.127705 0.537806 0.434456 0.763222 0.608506 0.101543 0.192099
1724138724.620563 0.128927 0.547187 0.439349 0.764487 0.609318 0.088285 0.191042
1724138724.653858 0.130608 0.556880 0.444223 0.763788 0.612181 0.077765 0.189247
1724138724.687152 0.132633 0.566389 0.448911 0.761341 0.617056 0.067230 0.187301
1724138724.720448 0.133745 0.574411 0.453354 0.759182 0.621401 0.049647 0.187188
1724138724.753733 0.134755 0.579736 0.458011 0.756885 0.622904 0.023544 0.196370
1724138724.787019 0.135637 0.582574 0.462927 0.752841 0.621222 -0.009253 0.217319
1724138724.820295 0.137245 0.585109 0.467875 0.746510 0.619597 -0.040714 0.239092
1724138724.853562 0.139426 0.588159 0.471773 0.737378 0.620540 -0.066366 0.258457
1724138724.886827 0.141885 0.591425 0.474994 0.727250 0.622260 -0.090895 0.275025
1724138724.920074 0.143872 0.594721 0.477801 0.717613 0.621495 -0.115681 0.292221
1724138724.953321 0.145422 0.598970 0.480813 0.707720 0.621373 -0.138530 0.306328
1724138724.986558 0.146843 0.603801 0.483505 0.697205 0.624103 -0.158727 0.314969
1724138725.019774 0.148614 0.608863 0.485573 0.686181 0.626823 -0.175915 0.324504
1724138725.053002 0.150901 0.613455 0.487372 0.673443 0.629248 -0.189585 0.338496
1724138725.086210 0.152446 0.617931 0.488543 0.663284 0.630749 -0.200736 0.349164
1724138725.119419 0.152647 0.622589 0.488316 0.657092 0.628373 -0.209398 0.359904
1724138725.152627 0.152078 0.627259 0.487039 0.653292 0.625123 -0.215978 0.368489
1724138725.185836 0.150978 0.631321 0.484978 0.649439 0.625499 -0.220395 0.372030
1724138725.219053 0.149914 0.634632 0.482432 0.644753 0.628145 -0.223095 0.374108
1724138725.252309 0.148339 0.637266 0.480241 0.639536 0.631900 -0.226466 0.374711
1724138725.285643 0.145672 0.639388 0.479083 0.635026 0.632465 -0.234535 0.376461
1724138725.318977 0.142530 0.640459 0.478322 0.632035 0.631273 -0.244211 0.377342
1724138725.352311 0.138662 0.641190 0.477164 0.631255 0.629844 -0.252465 0.375599
1724138725.385597 0.134795 0.641405 0.475858 0.630908 0.629640 -0.258798 0.372199
1724138725.418931 0.131084 0.641075 0.474284 0.631960 0.628189 -0.261665 0.370858
1724138725.452264 0.128258 0.641589 0.471541 0.633545 0.629142 -0.257987 0.369112
1724138725.485598 0.126248 0.643303 0.467411 0.636891 0.636700 -0.245879 0.358507
1724138725.518932 0.124698 0.645585 0.462553 0.641106 0.649126 -0.228297 0.339852
1724138725.552266 0.123133 0.647825 0.457944 0.644438 0.662904 -0.208708 0.318903
1724138725.585600 0.121478 0.649895 0.453628 0.649392 0.674313 -0.187420 0.297431
1724138725.618982 0.119615 0.651107 0.450183 0.655140 0.682590 -0.168100 0.276778
1724138725.652315 0.117504 0.650650 0.447357 0.660630 0.688677 -0.152200 0.257151
1724138725.685649 0.115265 0.649107 0.444908 0.666294 0.692765 -0.138145 0.238842
1724138725.718983 0.113452 0.646848 0.443320 0.670722 0.697426 -0.126884 0.218242
1724138725.752317 0.112100 0.643974 0.441953 0.673644 0.703187 -0.116096 0.195584
1724138725.785690 0.111573 0.640215 0.441201 0.673980 0.708897 -0.106892 0.178298
1724138725.819024 0.112888 0.635648 0.441632 0.670979 0.715605 -0.099090 0.166966
1724138725.852357 0.114850 0.630406 0.442330 0.664732 0.723274 -0.090629 0.163684
1724138725.885691 0.117093 0.626065 0.442016 0.656597 0.733143 -0.076690 0.159690
1724138725.919024 0.120534 0.622628 0.440868 0.644811 0.746668 -0.053950 0.154256
1724138725.952358 0.124253 0.620427 0.439142 0.629701 0.762150 -0.027321 0.147841
1724138725.985693 0.127986 0.619233 0.437180 0.608546 0.781127 -0.001624 0.139676
1724138726.019025 0.131118 0.617301 0.436243 0.583843 0.800178 0.015895 0.136342
1724138726.052398 0.133176 0.614566 0.436060 0.555508 0.819941 0.025088 0.135935
1724138726.085732 0.134287 0.611608 0.435824 0.528234 0.837960 0.027691 0.134257
1724138726.119066 0.135744 0.608588 0.435781 0.502206 0.853654 0.026220 0.135560
1724138726.152400 0.138006 0.605872 0.436081 0.474361 0.868419 0.025183 0.142112
1724138726.185734 0.139949 0.603975 0.436426 0.445732 0.882531 0.025250 0.147729
1724138726.219076 0.142284 0.603176 0.437039 0.416546 0.895816 0.025412 0.152834
1724138726.252439 0.144573 0.602585 0.437621 0.387367 0.907822 0.025766 0.158565
1724138726.285802 0.147346 0.602300 0.438644 0.359226 0.917756 0.024949 0.167505
1724138726.319185 0.150401 0.602696 0.439684 0.331552 0.926010 0.025252 0.178719
1724138726.352577 0.152271 0.604107 0.439989 0.304404 0.934210 0.027062 0.184006
1724138726.385968 0.152871 0.605507 0.439604 0.278040 0.942111 0.029187 0.185117
1724138726.419379 0.153065 0.606979 0.439439 0.251366 0.949438 0.030549 0.185605
1724138726.452771 0.152650 0.608637 0.438923 0.226817 0.956007 0.031267 0.183377
1724138726.486162 0.151343 0.609595 0.437523 0.205458 0.961858 0.031459 0.177837
1724138726.519545 0.150240 0.610106 0.436368 0.185989 0.966816 0.030272 0.172509
1724138726.552927 0.148929 0.609764 0.435158 0.170601 0.970644 0.029153 0.167021
1724138726.586319 0.147293 0.609652 0.433442 0.163209 0.973508 0.027139 0.157822
1724138726.619702 0.145299 0.609215 0.431473 0.164983 0.974941 0.025640 0.147017
1724138726.653073 0.144174 0.608271 0.429331 0.175661 0.974425 0.026172 0.137673
1724138726.686446 0.142963 0.607058 0.426805 0.195341 0.971938 0.027043 0.128247
1724138726.719819 0.141324 0.606185 0.424156 0.223826 0.967662 0.027941 0.112925
1724138726.753162 0.140500 0.605068 0.422038 0.256025 0.961450 0.029310 0.095948
1724138726.786496 0.140051 0.603742 0.419978 0.293087 0.952148 0.031271 0.080851
1724138726.819830 0.140230 0.603098 0.417592 0.334561 0.939828 0.034085 0.060260
1724138726.853155 0.141132 0.601680 0.416276 0.378172 0.924239 0.033731 0.040378
1724138726.886478 0.142494 0.599560 0.415706 0.422130 0.905813 0.030738 0.019074
1724138726.919773 0.144637 0.597105 0.415606 0.465827 0.884511 0.025052 -0.004155
1724138726.953049 0.147082 0.594517 0.416438 0.508765 0.860287 0.014472 -0.029257
1724138726.986316 0.151322 0.589975 0.417970 0.552249 0.832264 -0.000076 -0.048558
1724138727.019561 0.156213 0.583925 0.419044 0.594692 0.801699 -0.016332 -0.057917
1724138727.052817 0.161383 0.578922 0.419338 0.634186 0.769559 -0.027991 -0.069309
1724138727.086055 0.167500 0.575004 0.418943 0.671811 0.735236 -0.033553 -0.083498
1724138727.119321 0.174228 0.570338 0.417989 0.707650 0.699742 -0.040541 -0.089155
1724138727.152606 0.180768 0.565318 0.417193 0.742368 0.662054 -0.051393 -0.089064
1724138727.185893 0.186718 0.560830 0.416886 0.775672 0.621480 -0.063247 -0.089974
1724138727.219206 0.192407 0.556919 0.417294 0.804168 0.582536 -0.073375 -0.092640
1724138727.252531 0.197973 0.553328 0.417514 0.829299 0.544985 -0.079615 -0.094423
1724138727.285865 0.203547 0.549954 0.417471 0.852342 0.507323 -0.083825 -0.095440
1724138727.319208 0.209161 0.546931 0.416797 0.873490 0.469566 -0.088686 -0.093048
1724138727.352561 0.214928 0.543625 0.416186 0.892529 0.432620 -0.088610 -0.091540
1724138727.385915 0.221397 0.541427 0.414882 0.909958 0.395895 -0.084985 -0.089557
1724138727.419278 0.228215 0.538594 0.413682 0.924991 0.361619 -0.078055 -0.086781
1724138727.452630 0.235144 0.535454 0.412293 0.937657 0.330092 -0.070357 -0.082999
1724138727.485993 0.241360 0.531925 0.410966 0.947861 0.302777 -0.061297 -0.078283
1724138727.519366 0.246894 0.528132 0.409606 0.956133 0.278694 -0.052674 -0.073247
1724138727.552748 0.250752 0.524507 0.408976 0.962576 0.257405 -0.049507 -0.068841
1724138727.586130 0.252813 0.521006 0.408755 0.967061 0.240693 -0.050582 -0.065583
1724138727.619513 0.253806 0.517777 0.408252 0.969833 0.229995 -0.051876 -0.061928
1724138727.652894 0.254574 0.515275 0.407593 0.971237 0.224874 -0.051789 -0.058729
1724138727.686276 0.254662 0.513122 0.406765 0.970804 0.227786 -0.051709 -0.054580
1724138727.719668 0.254489 0.510824 0.405895 0.968080 0.240787 -0.050437 -0.047949
1724138727.753041 0.254625 0.509236 0.404241 0.962725 0.264146 -0.043875 -0.038250
1724138727.786404 0.254959 0.508419 0.402260 0.954044 0.296493 -0.034251 -0.026824
1724138727.819767 0.254913 0.507970 0.400177 0.940762 0.338005 -0.022709 -0.014294
1724138727.853119 0.254634 0.508190 0.397687 0.922670 0.385456 -0.010163 -0.000138
1724138727.886463 0.253432 0.509136 0.395548 0.901064 0.433433 -0.001510 0.014739
1724138727.919806 0.251444 0.510607 0.393581 0.874636 0.483765 0.007103 0.030546
1724138727.953140 0.249569 0.512740 0.391356 0.845188 0.532134 0.016363 0.047146
1724138727.986475 0.247040 0.516265 0.389426 0.814418 0.576567 0.025738 0.060264
1724138728.019807 0.244509 0.520458 0.387556 0.780687 0.619531 0.034841 0.074131
1724138728.053131 0.241636 0.525398 0.386049 0.746164 0.658589 0.043242 0.087353
1724138728.086455 0.238564 0.530987 0.384879 0.711248 0.694105 0.050495 0.098966
1724138728.119780 0.236021 0.536115 0.383821 0.672032 0.729420 0.056811 0.114425
1724138728.153085 0.233904 0.541310 0.383485 0.629773 0.763501 0.062303 0.128723
1724138728.186390 0.231650 0.546352 0.383325 0.584739 0.795992 0.066707 0.141517
1724138728.219684 0.229552 0.550969 0.383994 0.536612 0.826463 0.067152 0.156517
1724138728.252999 0.226731 0.555136 0.384548 0.489042 0.852599 0.065226 0.172214
1724138728.286313 0.223446 0.558822 0.385092 0.442899 0.874901 0.060556 0.186336
1724138728.319657 0.219738 0.561293 0.385604 0.398857 0.893080 0.054238 0.200947
1724138728.353001 0.215990 0.562427 0.386729 0.357252 0.906130 0.044867 0.222004
1724138728.386373 0.212393 0.564072 0.388606 0.317366 0.916938 0.035834 0.239207
1724138728.419755 0.207200 0.566343 0.388835 0.281082 0.926917 0.029501 0.246876
1724138728.453137 0.201110 0.568079 0.388404 0.248807 0.934999 0.022882 0.251693
1724138728.486519 0.194636 0.569269 0.387677 0.220586 0.941430 0.017178 0.254474
1724138728.519892 0.188006 0.570057 0.386500 0.197706 0.946315 0.013318 0.255388
1724138728.553245 0.181303 0.570459 0.385032 0.180505 0.949840 0.010126 0.255186
1724138728.586608 0.173906 0.571000 0.382681 0.172114 0.953082 0.007276 0.248915
1724138728.619971 0.165943 0.570959 0.379515 0.174038 0.955875 0.003493 0.236645
1724138728.653352 0.158351 0.570556 0.376137 0.185442 0.956889 -0.002034 0.223542
1724138728.686725 0.151494 0.569198 0.372814 0.206197 0.955198 -0.008560 0.212149
1724138728.720088 0.145745 0.567902 0.369905 0.234753 0.950671 -0.016727 0.202081
1724138728.753451 0.140675 0.566914 0.367657 0.265387 0.944525 -0.023986 0.192009
1724138728.786785 0.136603 0.566594 0.366026 0.298071 0.936825 -0.029845 0.180613
1724138728.820110 0.133130 0.566417 0.364697 0.333130 0.926860 -0.034132 0.169675
1724138728.853423 0.129902 0.567322 0.363608 0.369289 0.915547 -0.037345 0.154934
1724138728.886728 0.126365 0.568670 0.362555 0.408780 0.901820 -0.038236 0.134753
1724138728.920024 0.123316 0.570526 0.362164 0.451241 0.884171 -0.039129 0.114419
1724138728.953300 0.120821 0.572329 0.362269 0.495816 0.862268 -0.040193 0.095105
1724138728.986547 0.120071 0.573772 0.363374 0.540037 0.836700 -0.043485 0.080013
1724138729.019782 0.120366 0.574305 0.364412 0.583050 0.808367 -0.045654 0.067172
1724138729.053019 0.121409 0.573636 0.365767 0.625151 0.776685 -0.050424 0.058343
1724138729.086247 0.122901 0.572178 0.367057 0.665264 0.742641 -0.056756 0.051838
1724138729.119494 0.125052 0.570513 0.367260 0.700014 0.710119 -0.059444 0.046671
1724138729.152751 0.127683 0.568397 0.366536 0.730330 0.679252 -0.059257 0.041517
1724138729.186017 0.130238 0.565934 0.364838 0.756803 0.650043 -0.057402 0.037393
1724138729.219312 0.132838 0.563053 0.363128 0.781688 0.620084 -0.057621 0.033765
1724138729.252617 0.134449 0.559636 0.361756 0.803606 0.591473 -0.059250 0.029437
1724138729.285951 0.135909 0.556302 0.360021 0.823920 0.562904 -0.060486 0.025235
1724138729.319285 0.136092 0.552690 0.358155 0.842656 0.534310 -0.063007 0.021770
1724138729.352638 0.135350 0.549071 0.357384 0.859241 0.506583 -0.069332 0.016503
1724138729.386000 0.133812 0.546815 0.357341 0.873822 0.480603 -0.073520 0.007082
1724138729.419353 0.133226 0.546002 0.356524 0.886128 0.458092 -0.070068 -0.004350
1724138729.452716 0.133360 0.545909 0.355604 0.895445 0.440207 -0.064239 -0.016439
1724138729.486079 0.133174 0.546364 0.355544 0.902007 0.426816 -0.058583 -0.027931
1724138729.519452 0.133118 0.546569 0.355784 0.906567 0.417432 -0.051110 -0.035691
1724138729.552815 0.133145 0.547050 0.356237 0.908826 0.413115 -0.044028 -0.037841
1724138729.586197 0.133523 0.547800 0.357293 0.908510 0.414626 -0.037133 -0.036273
1724138729.619570 0.135034 0.548846 0.358365 0.905496 0.422293 -0.026868 -0.032009
1724138729.652941 0.137387 0.550136 0.359383 0.898408 0.438319 -0.016016 -0.021983
1724138729.686314 0.139627 0.552654 0.360573 0.887495 0.460680 -0.003770 -0.010629
1724138729.719687 0.141897 0.556401 0.361372 0.873882 0.486076 0.007644 0.001130
1724138729.753050 0.142355 0.558459 0.361728 0.858037 0.512978 0.007962 0.023731
1724138729.786422 0.140623 0.559645 0.362686 0.840552 0.538875 -0.002899 0.055479
1724138729.819795 0.138122 0.562189 0.363351 0.824370 0.559643 -0.013265 0.083894
1724138729.853147 0.134447 0.565204 0.363295 0.809704 0.575204 -0.025412 0.113465
1724138729.886501 0.129180 0.568500 0.363609 0.795433 0.586895 -0.043741 0.144661
1724138729.919844 0.122108 0.572900 0.364317 0.784763 0.592438 -0.064503 0.170304
1724138729.953178 0.113854 0.577756 0.364886 0.775503 0.594026 -0.086365 0.195625
1724138729.986502 0.105406 0.583728 0.365596 0.766843 0.594617 -0.108167 0.216062
1724138730.019805 0.095839 0.590943 0.366036 0.760572 0.592888 -0.128463 0.231327
1724138730.053101 0.086198 0.598647 0.365932 0.753933 0.590148 -0.146587 0.248641
1724138730.086377 0.077644 0.607786 0.364862 0.747315 0.589276 -0.156812 0.263979
1724138730.119643 0.069640 0.619232 0.361132 0.742480 0.593466 -0.156778 0.268220
1724138730.152919 0.061991 0.631615 0.357148 0.737907 0.601080 -0.153034 0.266038
1724138730.186176 0.055129 0.643962 0.353838 0.731368 0.610696 -0.149970 0.263931
1724138730.219451 0.049574 0.656244 0.350302 0.724759 0.620089 -0.144016 0.263579
1724138730.252708 0.043877 0.667553 0.346448 0.718960 0.627749 -0.136045 0.265555
1724138730.285965 0.039313 0.679144 0.342309 0.713435 0.635443 -0.124859 0.267643
1724138730.319231 0.036511 0.690999 0.338399 0.707651 0.644408 -0.108315 0.268767
1724138730.352497 0.033545 0.702644 0.334633 0.703111 0.652283 -0.087140 0.269386
1724138730.385793 0.030245 0.713806 0.330715 0.700561 0.656859 -0.068253 0.270355
1724138730.419087 0.027381 0.724064 0.328338 0.699563 0.658323 -0.054596 0.272474
1724138730.452421 0.024719 0.733756 0.325883 0.700100 0.659707 -0.040106 0.270255
1724138730.485794 0.022829 0.743421 0.323103 0.700052 0.663520 -0.022609 0.262977
1724138730.519128 0.021243 0.753197 0.319783 0.700763 0.669511 -0.001286 0.246345
1724138730.585796 0.017175 0.772344 0.314806 0.702921 0.682827 0.046408 0.193636
1724138730.619129 0.014901 0.777747 0.314669 0.702942 0.686977 0.058408 0.174707
1724138730.652463 0.012964 0.781178 0.314817 0.705629 0.687144 0.068126 0.158994
1724138730.685806 0.012170 0.783807 0.314902 0.708425 0.686505 0.078701 0.143705
1724138730.719140 0.011217 0.786845 0.313997 0.711200 0.685517 0.098699 0.120497
1724138730.752494 0.012032 0.788281 0.314236 0.714108 0.682201 0.114250 0.107693
1724138730.785847 0.014417 0.785425 0.315255 0.716836 0.677803 0.121727 0.109139
1724138730.819220 0.017979 0.780235 0.316620 0.722787 0.668957 0.122194 0.123061
1724138730.852582 0.021653 0.772130 0.318909 0.730651 0.657154 0.114632 0.145457
1724138730.885954 0.025331 0.763617 0.320818 0.739753 0.643432 0.103367 0.167561
1724138730.919317 0.029328 0.755020 0.321729 0.748409 0.629007 0.091084 0.189576
1724138730.952671 0.033519 0.746153 0.322327 0.754298 0.616491 0.073600 0.213438
1724138730.986014 0.037918 0.737989 0.323543 0.756729 0.608124 0.051190 0.234362
1724138731.019356 0.042801 0.730988 0.324511 0.757822 0.601986 0.029497 0.249898
1724138731.052690 0.048524 0.724712 0.325953 0.758251 0.596595 0.007268 0.262826
1724138731.086024 0.054574 0.717453 0.329229 0.755998 0.592022 -0.021526 0.278414
1724138731.119339 0.061088 0.710891 0.333061 0.749951 0.589862 -0.053489 0.294576
1724138731.152644 0.068464 0.706026 0.336400 0.744783 0.589264 -0.079299 0.302948
1724138731.185958 0.076921 0.702967 0.339269 0.739926 0.592078 -0.100433 0.303094
1724138731.219262 0.086169 0.701273 0.341439 0.734370 0.601335 -0.116026 0.292636
1724138731.252558 0.096689 0.701351 0.343226 0.730199 0.611463 -0.125513 0.277795
1724138731.285862 0.107722 0.702343 0.344204 0.725878 0.623880 -0.128016 0.259781
1724138731.319168 0.119479 0.704321 0.344148 0.718500 0.643465 -0.123758 0.233227
1724138731.352473 0.132419 0.707013 0.344184 0.711113 0.663480 -0.115168 0.202111
1724138731.385807 0.146585 0.709445 0.343599 0.700744 0.685122 -0.101015 0.171354
1724138731.419140 0.160271 0.712241 0.342282 0.689731 0.706373 -0.079431 0.137839
1724138731.452474 0.173077 0.715519 0.341172 0.682539 0.719967 -0.058861 0.111011
1724138731.485808 0.186488 0.716207 0.339371 0.678743 0.726976 -0.037835 0.096863
1724138731.519141 0.199611 0.716058 0.336733 0.676645 0.732022 -0.006948 0.079037
1724138731.552475 0.211931 0.717331 0.334987 0.674435 0.735828 0.024465 0.055642
1724138731.585809 0.225019 0.715444 0.335640 0.673519 0.736743 0.043561 0.041035
1724138731.619162 0.238456 0.707977 0.338243 0.674755 0.735367 0.046993 0.041619
1724138731.652525 0.251183 0.694044 0.341108 0.673459 0.736227 0.036138 0.055837
1724138731.685878 0.263692 0.677863 0.343423 0.669957 0.737760 0.012977 0.081848
1724138731.719232 0.277526 0.660308 0.346293 0.658249 0.744642 -0.008730 0.110181
1724138731.752566 0.293131 0.645615 0.350893 0.646453 0.750737 -0.025818 0.133513
1724138731.785900 0.305055 0.633839 0.351814 0.640567 0.754966 -0.031715 0.136728
1724138731.819223 0.314423 0.624562 0.350394 0.639054 0.756270 -0.031724 0.136602
1724138731.852547 0.322165 0.618723 0.347224 0.647060 0.751424 -0.025704 0.126550
1724138731.885881 0.330277 0.615720 0.344410 0.660383 0.743107 -0.013811 0.107218
1724138731.919215 0.337120 0.613709 0.342489 0.675957 0.731961 -0.002289 0.085503
1724138731.952559 0.344402 0.612282 0.342364 0.692220 0.718696 0.004818 0.065453
1724138731.985903 0.351236 0.608732 0.343148 0.701668 0.710365 -0.000450 0.055168
1724138732.019244 0.358862 0.605833 0.343966 0.710189 0.702694 -0.002367 0.042972
1724138732.052588 0.367508 0.602919 0.344900 0.715261 0.697925 -0.004444 0.035821
1724138732.085922 0.375789 0.599373 0.345194 0.714001 0.699113 -0.013498 0.035507
1724138732.119266 0.383822 0.596935 0.345088 0.710951 0.702086 -0.021462 0.034122
1724138732.152609 0.390428 0.596122 0.344358 0.709768 0.703255 -0.027213 0.030354
1724138732.185943 0.394671 0.596769 0.342954 0.711042 0.701946 -0.031283 0.026699
1724138732.219276 0.398956 0.597935 0.342672 0.716907 0.695747 -0.035991 0.026163
1724138732.252610 0.402728 0.598564 0.343174 0.724836 0.686766 -0.048082 0.025569
1724138732.285944 0.406813 0.601098 0.341409 0.730907 0.680277 -0.050381 0.021454
1724138732.319278 0.411811 0.605861 0.336878 0.735528 0.676271 -0.037602 0.015566
1724138732.352612 0.416742 0.611223 0.331720 0.740088 0.671860 -0.025556 0.014876
1724138732.385946 0.422255 0.615996 0.327481 0.740777 0.671455 -0.016188 0.011603
1724138732.419289 0.427339 0.620958 0.324033 0.740379 0.672105 -0.009534 0.004702
1724138732.452642 0.432498 0.625465 0.321149 0.745070 0.666833 -0.013971 0.003194
1724138732.485986 0.437966 0.629482 0.318001 0.751090 0.659824 -0.021564 0.005486
1724138732.519339 0.444192 0.634399 0.313555 0.752866 0.657757 -0.022429 0.006760
1724138732.552683 0.449503 0.638865 0.310280 0.755645 0.654245 -0.029864 0.008527
1724138732.586027 0.454025 0.643322 0.308268 0.757981 0.650928 -0.041230 0.007549
1724138732.619379 0.457355 0.648697 0.305777 0.761984 0.645644 -0.050037 0.004490
1724138732.652703 0.458604 0.653363 0.306053 0.773773 0.628809 -0.076457 0.005277
1724138732.686047 0.461063 0.657776 0.304851 0.779110 0.620102 -0.091974 0.000984
1724138732.719371 0.463570 0.661173 0.301361 0.779902 0.618197 -0.097906 0.000187
1724138732.752705 0.466174 0.664727 0.297620 0.772197 0.628456 -0.093027 -0.010023
1724138732.786039 0.468320 0.668462 0.293084 0.761658 0.642710 -0.079767 -0.020943
1724138732.819372 0.468794 0.672334 0.286877 0.750550 0.657628 -0.059249 -0.026259
1724138732.852706 0.466223 0.675195 0.280992 0.740928 0.669687 -0.043336 -0.025811
1724138732.886050 0.459151 0.676809 0.277424 0.729740 0.682023 -0.037118 -0.030771
1724138732.919384 0.449483 0.676069 0.276580 0.717707 0.693900 -0.047980 -0.033117
1724138732.952728 0.438178 0.672732 0.275775 0.703404 0.707508 -0.063748 -0.024304
1724138732.986052 0.427655 0.669974 0.271864 0.686460 0.723683 -0.070664 -0.007915
1724138733.019385 0.417445 0.666578 0.266550 0.675361 0.732924 -0.078766 0.022480
1724138733.052700 0.406422 0.661908 0.263920 0.668336 0.734904 -0.099552 0.057726
1724138733.119319 0.385423 0.651855 0.268937 0.652527 0.728466 -0.169253 0.122061
1724138733.152615 0.377677 0.649950 0.272859 0.641457 0.726348 -0.198800 0.146394
1724138733.185900 0.372061 0.648911 0.274815 0.639410 0.716182 -0.220729 0.171806
1724138733.219166 0.368464 0.649677 0.275365 0.641257 0.702902 -0.236501 0.196943
1724138733.252461 0.368435 0.651491 0.274585 0.639233 0.700013 -0.242005 0.206873
1724138733.285795 0.371427 0.654075 0.273767 0.639531 0.696527 -0.243302 0.215994
1724138733.319129 0.376329 0.657806 0.272093 0.640701 0.698301 -0.239491 0.211004
1724138733.352463 0.383644 0.662762 0.267616 0.644857 0.702316 -0.225918 0.199680
1724138733.385797 0.390857 0.666917 0.261102 0.650230 0.708257 -0.203260 0.185090
1724138733.419130 0.398500 0.670670 0.258926 0.661614 0.703971 -0.193724 0.170769
1724138733.452503 0.406840 0.672438 0.255191 0.670668 0.702717 -0.178077 0.157102
1724138733.519171 0.423397 0.674495 0.243866 0.679299 0.715742 -0.123007 0.105521
1724138733.685946 0.444404 0.658672 0.239680 0.684797 0.725636 -0.033006 -0.058452
1724138733.952733 0.428444 0.532511 0.259127 0.683516 0.694568 -0.113205 -0.193819
1724138733.986057 0.421193 0.512656 0.261033 0.680779 0.693723 -0.130725 -0.195447
1724138734.052685 0.402889 0.479108 0.263691 0.681165 0.684858 -0.172537 -0.192911
1724138734.085989 0.391203 0.464396 0.264266 0.682945 0.681885 -0.182471 -0.187943
1724138734.119285 0.377899 0.453150 0.263834 0.684329 0.679568 -0.188495 -0.185340
1724138734.152590 0.362973 0.443206 0.263343 0.690274 0.674041 -0.193187 -0.178518
1724138734.185885 0.345699 0.435565 0.260939 0.698718 0.668854 -0.186468 -0.172209
1724138734.219189 0.327388 0.430017 0.257380 0.712300 0.659701 -0.178226 -0.160181
1724138734.252514 0.307135 0.424264 0.253615 0.725668 0.651875 -0.167140 -0.143280
1724138734.285848 0.288102 0.419413 0.249290 0.731349 0.652100 -0.146540 -0.135723
1724138734.319182 0.269683 0.415756 0.245158 0.741203 0.646309 -0.135940 -0.120091
1724138734.352516 0.251380 0.412869 0.239575 0.750538 0.642863 -0.113190 -0.102995
1724138734.519185 0.196502 0.431629 0.215895 0.806374 0.590920 0.005283 -0.023373
1724138734.619234 0.189698 0.451189 0.208045 0.829828 0.549910 0.090505 0.028179
1724138734.652626 0.187951 0.456024 0.208376 0.833540 0.538267 0.116916 0.042542
1724138734.686028 0.185419 0.459344 0.210375 0.838681 0.523745 0.138027 0.057052
1724138734.719449 0.181898 0.461639 0.213662 0.843645 0.508982 0.156017 0.069700
1724138734.752869 0.177860 0.462497 0.218162 0.846832 0.496351 0.173205 0.080696
1724138734.786290 0.172728 0.461810 0.222537 0.851948 0.480153 0.185924 0.095238
1724138734.819730 0.165847 0.460654 0.228349 0.855814 0.466508 0.197046 0.105477
1724138734.853170 0.156478 0.458754 0.235581 0.863032 0.451410 0.198264 0.109982
1724138734.886600 0.145334 0.456202 0.243251 0.868922 0.440619 0.194809 0.113487
1724138734.920031 0.133432 0.452491 0.250876 0.870266 0.438318 0.191734 0.117272
1724138734.953462 0.120774 0.448069 0.258770 0.868241 0.442808 0.187939 0.121477
1724138734.986873 0.107169 0.442844 0.266596 0.865045 0.450464 0.181015 0.126543
1724138735.020273 0.093334 0.437505 0.274333 0.860523 0.460481 0.173506 0.131733
1724138735.053665 0.078976 0.432375 0.282209 0.857518 0.468419 0.163804 0.135704
1724138735.087047 0.064404 0.427472 0.289759 0.854261 0.477161 0.154799 0.136352
1724138735.120430 0.050231 0.422644 0.296430 0.851258 0.484911 0.146931 0.136503
1724138735.153793 0.036048 0.417459 0.302107 0.850342 0.488912 0.138063 0.137193
1724138735.187155 0.021667 0.411861 0.307272 0.852001 0.489752 0.126230 0.135287
1724138735.220508 0.008365 0.405726 0.310988 0.854695 0.487699 0.116945 0.134056
1724138735.253851 -0.004049 0.398610 0.312716 0.859910 0.479624 0.106966 0.138110
1724138735.287176 -0.015866 0.391556 0.314295 0.865577 0.471717 0.095809 0.138127
1724138735.320510 -0.027798 0.385256 0.315871 0.870203 0.467749 0.082875 0.130725
1724138735.353825 -0.039408 0.378666 0.318617 0.872839 0.468354 0.063668 0.121423
1724138735.387139 -0.049560 0.371686 0.320427 0.870036 0.477476 0.045928 0.113776
1724138735.420443 -0.058219 0.365184 0.323224 0.863466 0.493697 0.028441 0.099401
1724138735.453739 -0.064273 0.357515 0.326839 0.854773 0.511355 0.007044 0.088485
1724138735.487015 -0.065799 0.349881 0.327648 0.838732 0.538101 -0.002242 0.083489
1724138735.520271 -0.063735 0.342453 0.327905 0.813137 0.577603 -0.003491 0.071904
1724138735.553528 -0.059309 0.333888 0.329972 0.786633 0.613903 -0.016088 0.063819
1724138735.586765 -0.052156 0.326405 0.331693 0.758956 0.648287 -0.025143 0.055478
1724138735.619982 -0.043090 0.320191 0.334026 0.732302 0.678841 -0.031745 0.043601
1724138735.653191 -0.032178 0.313642 0.337020 0.710374 0.701232 -0.044647 0.040615
1724138735.686370 -0.018295 0.308919 0.339466 0.691118 0.719546 -0.054165 0.040927
1724138735.719549 -0.002177 0.306488 0.340566 0.675910 0.733533 -0.056536 0.043344
1724138735.752739 0.015176 0.306115 0.340539 0.665689 0.742544 -0.054696 0.049942
1724138735.785918 0.032509 0.308601 0.340845 0.662897 0.744614 -0.054169 0.056426
1724138735.819125 0.049086 0.313887 0.341476 0.670815 0.736878 -0.055102 0.063103
1724138735.852459 0.065064 0.322042 0.342084 0.686894 0.721385 -0.056729 0.067547
1724138735.885793 0.080622 0.332064 0.343558 0.704906 0.704219 -0.058047 0.061763
1724138735.919166 0.096751 0.342445 0.346240 0.723574 0.685097 -0.063553 0.055174
1724138735.952500 0.113926 0.352629 0.348958 0.736089 0.672526 -0.064187 0.041976
1724138735.985834 0.132553 0.361300 0.352484 0.744987 0.663228 -0.066286 0.026984
1724138736.019205 0.152466 0.367767 0.354643 0.749304 0.659220 -0.061961 0.011523
1724138736.052539 0.173324 0.372108 0.356513 0.751015 0.657882 -0.055741 -0.007821
1724138736.085872 0.194643 0.372896 0.358695 0.751799 0.656745 -0.052639 -0.026707
1724138736.119206 0.216338 0.369799 0.359342 0.750066 0.658423 -0.049241 -0.038154
1724138736.152540 0.238626 0.364064 0.358622 0.743277 0.665869 -0.039756 -0.050775
1724138736.185874 0.260133 0.356385 0.357670 0.737272 0.671938 -0.030386 -0.063296
1724138736.219217 0.280374 0.347185 0.357088 0.736833 0.671723 -0.027887 -0.071323
1724138736.252551 0.299355 0.337623 0.356485 0.737975 0.669385 -0.023646 -0.082210
1724138736.285894 0.317149 0.327749 0.356098 0.739032 0.666578 -0.018802 -0.095665
1724138736.319238 0.333747 0.317366 0.355290 0.740726 0.663068 -0.014953 -0.106967
1724138736.352582 0.349503 0.306339 0.353528 0.742626 0.659472 -0.010086 -0.116202
1724138736.385936 0.364282 0.294174 0.351630 0.738703 0.661676 -0.003733 -0.128406
1724138736.419269 0.378116 0.281235 0.349246 0.727488 0.670799 0.006024 -0.144061
1724138736.452612 0.390402 0.268194 0.345823 0.719725 0.676878 0.012962 -0.153831
1724138736.485946 0.401204 0.255122 0.341866 0.714205 0.680750 0.019375 -0.161600
1724138736.519280 0.410826 0.242098 0.338313 0.706181 0.686383 0.025627 -0.171844
1724138736.552614 0.419588 0.228964 0.335160 0.697344 0.692079 0.031932 -0.183628
1724138736.585948 0.427326 0.216294 0.331735 0.690561 0.695900 0.038161 -0.193372
1724138736.619272 0.434732 0.203659 0.328026 0.682439 0.701247 0.045101 -0.201234
1724138736.652596 0.441779 0.191103 0.323847 0.672851 0.708480 0.052940 -0.206217
1724138736.685930 0.448147 0.179267 0.320246 0.666023 0.713707 0.057074 -0.209235
1724138736.719254 0.453941 0.168132 0.317681 0.660228 0.717799 0.059627 -0.212858
1724138736.752579 0.459389 0.158221 0.315786 0.655044 0.720988 0.061934 -0.217389
1724138736.785903 0.464388 0.149428 0.314296 0.654353 0.721405 0.060990 -0.218350
1724138736.819226 0.469414 0.141849 0.312853 0.652304 0.722912 0.062053 -0.219197
1724138736.852560 0.474308 0.136025 0.310993 0.649667 0.725113 0.066022 -0.218599
1724138736.885885 0.478764 0.132723 0.309804 0.648879 0.725650 0.069030 -0.218229
1724138736.919219 0.482497 0.132412 0.309911 0.649013 0.724507 0.070364 -0.221180
1724138736.952562 0.484503 0.135418 0.311347 0.658989 0.715274 0.064994 -0.223368
1724138736.985896 0.484998 0.142208 0.314600 0.675716 0.699207 0.053439 -0.227291
1724138737.019228 0.484457 0.151425 0.319482 0.696280 0.677939 0.034491 -0.233245
1724138737.052562 0.483775 0.162129 0.324665 0.709725 0.662309 0.015681 -0.239565
1724138737.085906 0.482600 0.173981 0.328808 0.721374 0.648295 -0.001718 -0.243577
1724138737.119250 0.480904 0.186770 0.332504 0.736057 0.633801 -0.025943 -0.236313
1724138737.152593 0.479508 0.199789 0.335758 0.739007 0.630284 -0.041090 -0.234357
1724138737.185947 0.477633 0.213465 0.338612 0.742705 0.627742 -0.059891 -0.225258
1724138737.219289 0.475331 0.227300 0.341268 0.743731 0.628177 -0.076084 -0.215568
1724138737.252633 0.472550 0.242237 0.343480 0.741883 0.631970 -0.086570 -0.206710
1724138737.285967 0.468870 0.258205 0.345835 0.745149 0.630868 -0.102121 -0.190605
1724138737.319291 0.464617 0.274903 0.348940 0.746772 0.629952 -0.116445 -0.178699
1724138737.352625 0.459659 0.292843 0.352530 0.751663 0.624447 -0.133256 -0.165264
1724138737.385959 0.454063 0.311254 0.357001 0.757668 0.616086 -0.155025 -0.149484
1724138737.419282 0.448813 0.329581 0.361633 0.757280 0.614304 -0.171686 -0.140288
1724138737.452626 0.443607 0.347726 0.366342 0.759063 0.609293 -0.192916 -0.123969
1724138737.485960 0.438248 0.365822 0.371109 0.760105 0.604355 -0.213944 -0.105942
1724138737.519284 0.433213 0.384143 0.375791 0.756772 0.604844 -0.229777 -0.093074
1724138737.552619 0.428196 0.403022 0.381537 0.755054 0.601028 -0.250746 -0.076063
1724138737.585953 0.423382 0.421963 0.388285 0.750933 0.598187 -0.272630 -0.062812
1724138737.619266 0.418939 0.441547 0.394135 0.744682 0.600196 -0.286822 -0.054287
1724138737.652591 0.415089 0.461870 0.399710 0.744158 0.592200 -0.307005 -0.035719
1724138737.685895 0.412440 0.481686 0.403846 0.741870 0.587748 -0.322161 -0.019856
1724138737.719229 0.410773 0.500685 0.405482 0.736881 0.591647 -0.326994 -0.005880
1724138737.752563 0.409660 0.519403 0.406226 0.734001 0.591881 -0.332737 0.014346
1724138737.785859 0.408500 0.537253 0.406026 0.732210 0.590232 -0.337945 0.035876
1724138737.819192 0.407044 0.554460 0.404937 0.730642 0.587709 -0.342713 0.057510
1724138737.852526 0.405651 0.570172 0.402694 0.726846 0.588797 -0.344354 0.080206
1724138737.885860 0.403464 0.583763 0.398580 0.720787 0.596236 -0.338297 0.102585
1724138737.919194 0.400450 0.596265 0.393831 0.714665 0.602989 -0.331379 0.125885
1724138737.952528 0.396719 0.606506 0.387594 0.705782 0.614230 -0.319328 0.150409
1724138737.985862 0.391142 0.615251 0.380120 0.693540 0.634013 -0.299292 0.165696
1724138738.019194 0.382685 0.623681 0.372943 0.682754 0.651897 -0.278847 0.176411
1724138738.052528 0.371183 0.631316 0.365974 0.675647 0.662437 -0.261544 0.190454
1724138738.085861 0.356831 0.638617 0.360817 0.672389 0.666878 -0.252405 0.198640
1724138738.119195 0.340805 0.645081 0.355450 0.669627 0.672412 -0.241921 0.202327
1724138738.152529 0.323324 0.650288 0.349809 0.667945 0.676098 -0.231157 0.208103
1724138738.185863 0.305115 0.655451 0.344067 0.666311 0.682739 -0.218635 0.205173
1724138738.219236 0.285569 0.659707 0.337258 0.670102 0.683224 -0.202935 0.207331
1724138738.252570 0.265123 0.664245 0.329619 0.674901 0.685397 -0.185213 0.201089
1724138738.285904 0.243704 0.669299 0.322854 0.682240 0.686874 -0.166403 0.187253
1724138738.319237 0.221205 0.673348 0.316865 0.697298 0.676633 -0.153007 0.180365
1724138738.352571 0.198970 0.676678 0.312826 0.709179 0.670285 -0.143875 0.164568
1724138738.385906 0.177661 0.678774 0.310386 0.714970 0.671970 -0.132527 0.140397
1724138738.419239 0.156538 0.679390 0.308530 0.724944 0.666452 -0.124633 0.121507
1724138738.452582 0.137558 0.678557 0.306817 0.731346 0.665235 -0.113034 0.099089
1724138738.485916 0.121565 0.676549 0.304024 0.733221 0.669559 -0.089541 0.077842
1724138738.519250 0.106692 0.673893 0.299571 0.739624 0.667180 -0.060565 0.064485
1724138738.552603 0.094037 0.670765 0.296248 0.745482 0.664090 -0.029620 0.048617
1724138738.585967 0.084290 0.667555 0.294009 0.748015 0.662947 0.010538 0.029394
1724138738.619348 0.077078 0.663173 0.293241 0.754893 0.653889 0.047256 0.018244
1724138738.652740 0.071707 0.656245 0.293486 0.765353 0.638760 0.077857 0.012623
1724138738.686141 0.069052 0.647461 0.294721 0.773063 0.625648 0.103903 0.011923
1724138738.719543 0.069650 0.637541 0.295848 0.770405 0.622089 0.139131 0.011170
1724138738.752954 0.071572 0.625585 0.295992 0.767730 0.616666 0.172626 0.022663
1724138738.786375 0.073582 0.611971 0.295664 0.761284 0.614521 0.203629 0.036691
1724138738.819795 0.074190 0.597563 0.296484 0.752390 0.617016 0.226460 0.043776
1724138738.853226 0.073682 0.581165 0.297917 0.747499 0.618723 0.236516 0.049862
1724138738.886666 0.073974 0.564136 0.297998 0.741434 0.620884 0.247463 0.059504
1724138738.920097 0.075118 0.546996 0.296741 0.733771 0.621716 0.264654 0.070765
1724138738.953528 0.074830 0.529461 0.294513 0.733362 0.615067 0.277655 0.082346
1724138738.986957 0.071707 0.511098 0.292444 0.738608 0.606075 0.281544 0.088684
1724138739.020387 0.066916 0.492469 0.290696 0.740944 0.602212 0.283696 0.088650
1724138739.053818 0.061887 0.473327 0.288389 0.741237 0.600179 0.287229 0.088622
1724138739.087229 0.056539 0.453842 0.285122 0.742815 0.596904 0.289397 0.090455
1724138739.120631 0.050720 0.434284 0.282316 0.746533 0.592483 0.288665 0.091243
1724138739.154032 0.045137 0.415977 0.279834 0.750120 0.586689 0.291206 0.091182
1724138739.187434 0.039524 0.398962 0.277105 0.756351 0.576538 0.294953 0.092410
1724138739.220815 0.033696 0.383453 0.275013 0.763762 0.564792 0.298536 0.092491
1724138739.254198 0.027153 0.368861 0.273381 0.775961 0.549501 0.295203 0.093742
1724138739.287570 0.020220 0.354746 0.270894 0.787852 0.536037 0.286886 0.098230
1724138739.320943 0.013968 0.341783 0.268392 0.791323 0.533101 0.280732 0.103926
1724138739.354306 0.008049 0.330174 0.266351 0.791218 0.537622 0.270018 0.109668
1724138739.387659 0.003128 0.320919 0.264973 0.786955 0.548461 0.258268 0.114852
1724138739.421011 0.000345 0.314445 0.264373 0.780035 0.562344 0.248171 0.117156
1724138739.454355 -0.000721 0.311272 0.264455 0.774660 0.574755 0.236525 0.116684
1724138739.487689 0.000888 0.311451 0.265402 0.768958 0.586489 0.228129 0.112654
1724138739.521023 0.003988 0.315382 0.265993 0.767442 0.591918 0.222228 0.106213
1724138739.554348 0.007446 0.322061 0.266954 0.774322 0.587664 0.213180 0.098133
1724138739.587672 0.012859 0.330821 0.267440 0.778505 0.583702 0.213220 0.088090
1724138739.620986 0.019983 0.340429 0.266526 0.777437 0.583321 0.220988 0.080577
1724138739.654300 0.027159 0.349265 0.264847 0.774570 0.585118 0.228461 0.074055
1724138739.687624 0.033867 0.356996 0.262449 0.770450 0.588726 0.235198 0.067008
1724138739.720958 0.039916 0.363548 0.259013 0.766625 0.592096 0.241016 0.060161
1724138739.754283 0.045532 0.369633 0.254466 0.762340 0.593718 0.251962 0.053399
1724138739.787626 0.050666 0.375289 0.249406 0.757275 0.593237 0.269672 0.043368
1724138739.820960 0.053865 0.379284 0.244540 0.759273 0.586239 0.280576 0.033250
1724138739.854303 0.055467 0.381395 0.240250 0.767756 0.573711 0.284436 0.022432
1724138739.887647 0.056396 0.382561 0.236459 0.777120 0.558708 0.289542 0.009728
1724138739.921000 0.056738 0.381637 0.232627 0.788249 0.541025 0.293179 -0.001621
1724138739.954354 0.057368 0.378800 0.227777 0.797882 0.524063 0.297847 -0.005353
1724138739.987696 0.057671 0.371887 0.221766 0.802426 0.513729 0.303616 -0.003394
1724138740.021049 0.056411 0.363478 0.215785 0.804007 0.510809 0.304378 0.000704
1724138740.054402 0.053493 0.353260 0.210223 0.803537 0.514106 0.299972 0.006290
1724138740.087755 0.049682 0.341385 0.204285 0.800276 0.521332 0.295876 0.015128
1724138740.121118 0.044436 0.328776 0.199036 0.798799 0.528742 0.285893 0.024866
1724138740.154462 0.038774 0.316225 0.194314 0.796484 0.537240 0.275274 0.034790
1724138740.187806 0.032553 0.304449 0.190179 0.793618 0.546752 0.263383 0.043157
1724138740.254492 0.020214 0.285851 0.185028 0.779893 0.574565 0.244071 0.045518
1724138740.287816 0.014094 0.279745 0.183274 0.775859 0.583517 0.236108 0.042478
1724138740.321141 0.008647 0.275118 0.182327 0.775664 0.586497 0.230041 0.038045
1724138740.787494 -0.022132 0.218751 0.168180 0.813362 0.547293 0.192244 0.044203
