1724138701.997265 0.188002 0.474367 0.629442 0.765103 0.639514 0.000299 -0.075102
1724138702.030590 0.190687 0.470145 0.644838 0.766696 0.638782 0.002914 -0.064236
1724138702.063904 0.194908 0.466067 0.658581 0.766795 0.639743 0.010604 -0.051401
1724138702.097230 0.200417 0.461602 0.671296 0.764937 0.642703 0.020241 -0.037333
1724138702.130554 0.206281 0.456852 0.683935 0.761559 0.646872 0.030873 -0.025140
1724138702.163870 0.211492 0.452411 0.695527 0.758442 0.650348 0.040664 -0.012635
1724138702.197194 0.214702 0.449308 0.706206 0.756869 0.651763 0.048326 -0.004374
1724138702.230519 0.215781 0.446996 0.715380 0.755248 0.653107 0.055217 -0.001617
1724138702.263844 0.215967 0.445379 0.722189 0.753053 0.655238 0.059782 -0.000786
1724138702.297168 0.215167 0.444464 0.725985 0.751990 0.656293 0.061559 0.000091
1724138702.330503 0.213704 0.444143 0.726842 0.753153 0.654951 0.061639 -0.000387
1724138702.363837 0.211609 0.444774 0.724243 0.755153 0.652763 0.060332 -0.002115
1724138702.397172 0.209745 0.446297 0.718587 0.756458 0.651253 0.059978 -0.006536
1724138702.430506 0.207907 0.448740 0.709837 0.757791 0.649634 0.059777 -0.012439
1724138702.463840 0.205697 0.451476 0.698377 0.758231 0.649168 0.057955 -0.017546
1724138702.497175 0.204024 0.454224 0.684729 0.756448 0.651340 0.055330 -0.021928
1724138702.530509 0.202436 0.458326 0.668779 0.751485 0.656847 0.054880 -0.028467
1724138702.563844 0.201623 0.463092 0.650538 0.746424 0.662185 0.055822 -0.035294
1724138702.597178 0.200356 0.468605 0.630476 0.743934 0.664893 0.054903 -0.038276
1724138702.630512 0.198439 0.475531 0.608855 0.742214 0.666456 0.055159 -0.043728
1724138702.663847 0.196027 0.483092 0.586524 0.740099 0.667572 0.057499 -0.057412
1724138702.697181 0.193829 0.490123 0.563583 0.740266 0.666499 0.056314 -0.067926
1724138702.730525 0.191580 0.495439 0.540016 0.741197 0.665742 0.050947 -0.069417
1724138702.763879 0.189382 0.499348 0.516550 0.736994 0.670536 0.045743 -0.071614
1724138702.797224 0.187409 0.503686 0.493316 0.731858 0.675736 0.043139 -0.076842
1724138702.830577 0.186195 0.508769 0.470683 0.727757 0.678789 0.045154 -0.087042
1724138702.863920 0.185622 0.513670 0.449240 0.722877 0.681886 0.049420 -0.100189
1724138702.897275 0.184399 0.517094 0.427919 0.722176 0.682114 0.048943 -0.103863
1724138702.930628 0.183430 0.519129 0.408503 0.722492 0.681875 0.046780 -0.104225
1724138702.963973 0.182617 0.520690 0.391697 0.725187 0.679212 0.044394 -0.103942
1724138702.997310 0.180840 0.521630 0.378090 0.731229 0.673581 0.038203 -0.100668
1724138703.030673 0.178654 0.522998 0.368353 0.735984 0.668411 0.033753 -0.102052
1724138703.064036 0.176354 0.524090 0.361928 0.741283 0.662677 0.028258 -0.102761
1724138703.097390 0.173731 0.525075 0.358094 0.746674 0.656959 0.022126 -0.101947
1724138703.130753 0.171032 0.526048 0.357302 0.749139 0.653979 0.017251 -0.103946
1724138703.164117 0.168355 0.526899 0.359403 0.749333 0.652982 0.014492 -0.109110
1724138703.197470 0.166018 0.527693 0.363827 0.747031 0.654495 0.014511 -0.115630
1724138703.230823 0.164498 0.527830 0.370470 0.743388 0.657738 0.015391 -0.120494
1724138703.264167 0.164244 0.526823 0.379129 0.737335 0.664834 0.015520 -0.118710
1724138703.297512 0.165948 0.525638 0.390023 0.727014 0.676191 0.019941 -0.117552
1724138703.330855 0.167627 0.524574 0.403628 0.716416 0.686218 0.028072 -0.122739
1724138703.364180 0.168505 0.523036 0.420108 0.708880 0.692688 0.034286 -0.128441
1724138703.397514 0.169082 0.519998 0.439202 0.704249 0.696245 0.036861 -0.133852
1724138703.430839 0.168760 0.515366 0.460239 0.703584 0.696398 0.035682 -0.136842
1724138703.464163 0.168361 0.509437 0.482398 0.705831 0.694289 0.033175 -0.136619
1724138703.497478 0.168079 0.502028 0.505419 0.708072 0.692537 0.032182 -0.134130
1724138703.530792 0.168475 0.493143 0.528708 0.710002 0.692046 0.031799 -0.126329
1724138703.564098 0.169413 0.483696 0.551245 0.711325 0.692062 0.034841 -0.117696
1724138703.597413 0.170428 0.474198 0.572708 0.713949 0.690307 0.040266 -0.110144
1724138703.630718 0.171317 0.465013 0.592435 0.718808 0.686502 0.044928 -0.100061
1724138703.664023 0.172450 0.456289 0.610231 0.725059 0.681195 0.049056 -0.088631
1724138703.697338 0.173125 0.448544 0.625871 0.731435 0.675425 0.052481 -0.077781
1724138703.730644 0.173384 0.441434 0.639705 0.736349 0.671002 0.055023 -0.067225
1724138703.763968 0.172837 0.435604 0.651492 0.739821 0.667788 0.057971 -0.057998
1724138703.797293 0.171676 0.431286 0.660983 0.742829 0.664980 0.060896 -0.047945
1724138703.830617 0.170636 0.428651 0.668900 0.742931 0.664832 0.065682 -0.041684
1724138703.863942 0.170280 0.427032 0.674982 0.741263 0.666125 0.072358 -0.039637
1724138703.897257 0.170266 0.426576 0.678329 0.738489 0.668525 0.079079 -0.038126
1724138703.930582 0.171025 0.427058 0.679365 0.736171 0.670620 0.083993 -0.035581
1724138703.963925 0.171704 0.428407 0.677557 0.735870 0.670814 0.086149 -0.032878
1724138703.997249 0.171485 0.430960 0.673367 0.735462 0.671225 0.086166 -0.033586
1724138704.030583 0.170803 0.434466 0.666891 0.734971 0.671448 0.086029 -0.039682
1724138704.063917 0.169509 0.439225 0.657905 0.736155 0.669818 0.084489 -0.047770
1724138704.097251 0.168388 0.443973 0.646308 0.737287 0.668552 0.081104 -0.053544
1724138704.130585 0.167598 0.448676 0.632033 0.735990 0.669884 0.079498 -0.057052
1724138704.163919 0.167070 0.453094 0.615483 0.732964 0.673121 0.079034 -0.058526
1724138704.197253 0.166355 0.457234 0.598284 0.729185 0.676918 0.077655 -0.063565
1724138704.230587 0.165907 0.461811 0.580364 0.727056 0.678923 0.074704 -0.069802
1724138704.263922 0.165203 0.467342 0.561363 0.726393 0.679590 0.071148 -0.073812
1724138704.297256 0.163879 0.474116 0.542101 0.724746 0.680527 0.068769 -0.083050
1724138704.330590 0.162729 0.482385 0.523102 0.724526 0.679286 0.065966 -0.096337
1724138704.363924 0.162309 0.491499 0.504030 0.723440 0.678759 0.064102 -0.108681
1724138704.397258 0.162370 0.500361 0.484873 0.720401 0.680778 0.061740 -0.117268
1724138704.430602 0.162508 0.510290 0.465137 0.720789 0.679082 0.061806 -0.124461
1724138704.463936 0.163237 0.519338 0.445571 0.718897 0.679588 0.064326 -0.131186
1724138704.497280 0.164175 0.526607 0.426447 0.718995 0.679611 0.063621 -0.130875
1724138704.530643 0.164838 0.534157 0.407951 0.722137 0.675419 0.067272 -0.133426
1724138704.563987 0.165545 0.539117 0.390850 0.721147 0.675808 0.071666 -0.134518
1724138704.597360 0.166227 0.542942 0.375644 0.723499 0.672829 0.076372 -0.134228
1724138704.630723 0.166168 0.546066 0.362518 0.726672 0.668505 0.082397 -0.135128
1724138704.664086 0.166678 0.546745 0.351649 0.727035 0.667895 0.088006 -0.132631
1724138704.697448 0.166731 0.546189 0.342667 0.728964 0.666782 0.090738 -0.125619
1724138704.730822 0.166105 0.545460 0.335904 0.730630 0.665180 0.094056 -0.121935
1724138704.764195 0.165580 0.543904 0.332036 0.732588 0.663321 0.094858 -0.119672
1724138704.797568 0.164640 0.542213 0.331049 0.735832 0.660369 0.092176 -0.118183
1724138704.830940 0.163416 0.540074 0.332866 0.738497 0.658162 0.086743 -0.117986
1724138704.864313 0.162069 0.537316 0.337266 0.738715 0.659019 0.078667 -0.117493
1724138704.897676 0.160463 0.534848 0.344705 0.735944 0.662516 0.070651 -0.120283
1724138704.931039 0.158399 0.533432 0.354587 0.732313 0.665597 0.066201 -0.127735
1724138704.964384 0.156077 0.531920 0.366068 0.727274 0.670016 0.062981 -0.134850
1724138704.997719 0.153157 0.529460 0.379264 0.721842 0.675252 0.058105 -0.140012
1724138705.031053 0.150275 0.525946 0.394089 0.716745 0.680110 0.051883 -0.145034
1724138705.064387 0.147502 0.521475 0.409559 0.712380 0.684419 0.046952 -0.147921
1724138705.097712 0.145082 0.516001 0.425910 0.708729 0.688229 0.042812 -0.149032
1724138705.131026 0.143132 0.509506 0.443035 0.707494 0.689993 0.038228 -0.147985
1724138705.164331 0.141548 0.501693 0.461174 0.707824 0.690583 0.033084 -0.144864
1724138705.197627 0.140456 0.493202 0.480175 0.710233 0.688700 0.028267 -0.143047
1724138705.230922 0.139374 0.484548 0.498847 0.714634 0.684875 0.024238 -0.140201
1724138705.264217 0.138562 0.475465 0.516884 0.718546 0.681325 0.021740 -0.137894
1724138705.297513 0.138325 0.466077 0.533580 0.723012 0.677051 0.020592 -0.135763
1724138705.330808 0.138509 0.456839 0.547614 0.728884 0.671977 0.018339 -0.129762
1724138705.364103 0.138532 0.447990 0.558784 0.735644 0.666246 0.015346 -0.121277
1724138705.397409 0.138957 0.440273 0.566718 0.741793 0.661128 0.013415 -0.111684
1724138705.430705 0.139605 0.433509 0.571585 0.747156 0.657370 0.009482 -0.097637
1724138705.464000 0.139950 0.428610 0.573450 0.752343 0.653768 0.004365 -0.080929
1724138705.497295 0.140683 0.426643 0.573075 0.757510 0.649562 -0.000202 -0.065169
1724138705.530591 0.141312 0.428329 0.570788 0.761640 0.645672 -0.000810 -0.054873
1724138705.563896 0.141587 0.433002 0.566972 0.764379 0.643184 -0.001817 -0.045116
1724138705.597211 0.141636 0.441580 0.561787 0.766958 0.640489 0.000050 -0.039368
1724138705.630525 0.141735 0.453461 0.555744 0.769450 0.637628 0.003197 -0.036964
1724138705.663850 0.141384 0.467234 0.549382 0.771427 0.635653 0.000466 -0.029066
1724138705.697174 0.141299 0.484277 0.542151 0.771616 0.635628 0.000752 -0.024185
1724138705.730498 0.141530 0.503554 0.534636 0.769767 0.637939 0.003721 -0.021874
1724138705.763842 0.141911 0.524905 0.527466 0.766345 0.642154 0.006059 -0.017832
1724138705.797177 0.142187 0.548947 0.521059 0.760135 0.649400 0.011887 -0.018277
1724138705.830530 0.142130 0.575620 0.515711 0.752632 0.657594 0.021596 -0.025472
1724138705.863884 0.142095 0.603645 0.511969 0.745054 0.665306 0.032094 -0.035101
1724138705.897227 0.141518 0.631829 0.509410 0.737351 0.672721 0.040909 -0.045684
1724138705.930581 0.140749 0.661114 0.508328 0.729210 0.679521 0.050550 -0.062844
1724138705.963924 0.139329 0.689752 0.508050 0.721206 0.685020 0.061961 -0.082276
1724138705.997272 0.138475 0.716933 0.508069 0.712039 0.691307 0.072929 -0.098881
1724138706.030615 0.137864 0.741128 0.508283 0.702423 0.698262 0.082124 -0.110850
1724138706.063968 0.137945 0.761728 0.508673 0.694859 0.703751 0.088718 -0.118471
1724138706.097312 0.138318 0.779464 0.508510 0.690322 0.706373 0.095515 -0.123973
1724138706.130665 0.139074 0.793491 0.507321 0.685946 0.708288 0.103871 -0.130447
1724138706.164009 0.139927 0.803276 0.505306 0.679983 0.711327 0.112048 -0.138138
1724138706.197353 0.140667 0.808430 0.502476 0.676352 0.712804 0.117544 -0.143673
1724138706.230706 0.141338 0.809166 0.498583 0.674411 0.713010 0.121336 -0.148539
1724138706.264050 0.142280 0.805106 0.493813 0.672490 0.713486 0.122898 -0.153591
1724138706.297393 0.142749 0.795802 0.487883 0.673120 0.713131 0.119990 -0.154775
1724138706.330747 0.143526 0.781723 0.480864 0.675530 0.712367 0.112942 -0.153090
1724138706.364090 0.144521 0.763555 0.473293 0.678442 0.711436 0.104257 -0.150684
1724138706.397434 0.145685 0.743139 0.464909 0.681769 0.709320 0.096474 -0.150829
1724138706.430778 0.147412 0.720807 0.456033 0.686248 0.704588 0.091891 -0.155481
1724138706.464121 0.149014 0.696355 0.446881 0.691268 0.699875 0.085098 -0.158373
1724138706.497475 0.150575 0.668517 0.438076 0.695963 0.696193 0.074244 -0.159498
1724138706.530818 0.152021 0.638707 0.429196 0.697136 0.695742 0.063677 -0.160901
1724138706.564162 0.153978 0.607836 0.420143 0.697181 0.696406 0.055796 -0.160761
1724138706.597486 0.156185 0.576944 0.411686 0.698478 0.695039 0.050743 -0.162710
1724138706.630820 0.158484 0.545631 0.403343 0.700970 0.692627 0.045865 -0.163725
1724138706.664155 0.160643 0.514159 0.395270 0.704266 0.689626 0.041735 -0.163351
1724138706.697470 0.162809 0.482403 0.387830 0.709953 0.685845 0.032412 -0.156631
1724138706.730794 0.165381 0.449951 0.381907 0.715039 0.683270 0.019714 -0.146537
1724138706.764109 0.167884 0.419711 0.376562 0.717813 0.682208 0.012388 -0.138505
1724138706.797424 0.170165 0.391328 0.371793 0.720219 0.681711 0.006318 -0.128510
1724138706.830748 0.172778 0.365541 0.367524 0.722023 0.681401 0.004744 -0.119807
1724138706.864053 0.175363 0.342285 0.363705 0.722157 0.682682 0.005408 -0.111382
1724138706.897358 0.177670 0.320866 0.360552 0.719633 0.686960 0.004808 -0.100949
1724138706.930663 0.179762 0.301352 0.358189 0.716425 0.692034 0.000572 -0.088450
1724138706.963968 0.181458 0.285010 0.356731 0.714615 0.695030 -0.003838 -0.079020
1724138706.997268 0.182845 0.271730 0.355926 0.713878 0.696547 -0.008108 -0.071658
1724138707.030573 0.183923 0.261668 0.355866 0.714548 0.696366 -0.012925 -0.065796
1724138707.063878 0.184914 0.255522 0.356400 0.717069 0.694056 -0.017015 -0.061715
1724138707.097183 0.185957 0.253564 0.357329 0.721116 0.690092 -0.021033 -0.057644
1724138707.130488 0.186975 0.256559 0.358472 0.725811 0.685309 -0.023341 -0.054819
1724138707.163793 0.187805 0.264710 0.359867 0.729946 0.681002 -0.024435 -0.053086
1724138707.197108 0.188540 0.278036 0.361066 0.732821 0.677992 -0.022150 -0.053014
1724138707.230423 0.189233 0.296368 0.362238 0.734998 0.675701 -0.018418 -0.053549
1724138707.263747 0.189519 0.319313 0.364001 0.736412 0.674101 -0.015106 -0.055287
1724138707.297081 0.189511 0.345583 0.366739 0.736592 0.673750 -0.012963 -0.057657
1724138707.330405 0.189532 0.374026 0.370453 0.735711 0.674729 -0.014644 -0.057065
1724138707.363749 0.189483 0.404402 0.375041 0.734667 0.676086 -0.019363 -0.052884
1724138707.397093 0.188881 0.436971 0.380678 0.733746 0.677246 -0.024126 -0.048699
1724138707.430436 0.188851 0.471358 0.387131 0.731579 0.679905 -0.024900 -0.043607
1724138707.463780 0.189600 0.506571 0.394345 0.728285 0.683882 -0.023865 -0.036560
1724138707.497124 0.189845 0.544011 0.401972 0.725329 0.687326 -0.016843 -0.034604
1724138707.530467 0.189032 0.582218 0.410502 0.721691 0.691134 -0.004947 -0.038362
1724138707.563821 0.187555 0.619730 0.419933 0.718397 0.694169 0.007726 -0.044439
1724138707.597174 0.185692 0.654997 0.430372 0.715897 0.696368 0.016548 -0.047852
1724138707.630518 0.183123 0.687883 0.440447 0.713851 0.698318 0.022912 -0.047364
1724138707.663861 0.179762 0.717762 0.450397 0.711225 0.700818 0.029086 -0.046555
1724138707.697215 0.176505 0.744544 0.460198 0.708519 0.703324 0.034341 -0.046436
1724138707.730567 0.172995 0.768356 0.469264 0.707342 0.704203 0.039177 -0.047227
1724138707.763911 0.169655 0.789016 0.477632 0.705892 0.705065 0.045038 -0.050722
1724138707.797275 0.166682 0.806676 0.484864 0.703184 0.706759 0.052433 -0.057237
1724138707.830618 0.163703 0.820292 0.491160 0.701247 0.707397 0.060480 -0.064680
1724138707.863972 0.161061 0.830005 0.496016 0.699371 0.707841 0.067579 -0.072631
1724138707.897315 0.159226 0.835188 0.499699 0.697544 0.708479 0.072262 -0.079167
1724138707.930668 0.157262 0.835379 0.501969 0.696565 0.708873 0.074209 -0.082395
1724138707.964012 0.156224 0.831285 0.502404 0.695041 0.709901 0.075680 -0.085041
1724138707.997361 0.156010 0.822514 0.501286 0.692806 0.711650 0.076985 -0.087451
1724138708.030705 0.156353 0.809597 0.498601 0.691226 0.713213 0.075278 -0.088693
1724138708.064049 0.157256 0.793153 0.494715 0.691277 0.713803 0.070433 -0.087524
1724138708.097392 0.158442 0.773466 0.490341 0.690262 0.714743 0.067345 -0.090258
1724138708.130736 0.159898 0.751452 0.485065 0.687466 0.716990 0.065835 -0.094773
1724138708.164080 0.161252 0.726604 0.479408 0.684946 0.719208 0.063819 -0.097548
1724138708.197413 0.162126 0.699797 0.473498 0.681152 0.721994 0.063074 -0.103818
1724138708.230747 0.163056 0.671585 0.467640 0.677359 0.724776 0.061485 -0.110020
1724138708.264081 0.163520 0.642393 0.462059 0.674467 0.726334 0.060960 -0.117547
1724138708.297415 0.164329 0.612403 0.456135 0.672451 0.726912 0.060442 -0.125521
1724138708.330740 0.164451 0.581148 0.450028 0.668928 0.728605 0.061864 -0.133575
1724138708.364074 0.164531 0.549741 0.444620 0.668880 0.727556 0.061448 -0.139589
1724138708.397398 0.164815 0.518452 0.439086 0.672144 0.723513 0.062343 -0.144442
1724138708.430713 0.165002 0.486327 0.433325 0.678013 0.719366 0.056543 -0.140048
1724138708.464027 0.165574 0.454231 0.428661 0.686728 0.712943 0.048004 -0.133464
1724138708.497352 0.166664 0.424846 0.423333 0.697093 0.704444 0.043320 -0.126268
1724138708.530667 0.167869 0.397388 0.418028 0.705767 0.696682 0.041645 -0.121630
1724138708.563991 0.169491 0.371073 0.412368 0.711866 0.691986 0.038324 -0.113726
1724138708.597306 0.171671 0.347330 0.406481 0.716651 0.688403 0.036595 -0.105704
1724138708.630630 0.174442 0.326736 0.400715 0.718253 0.686925 0.040573 -0.102962
1724138708.663944 0.176997 0.307564 0.395304 0.719714 0.686427 0.038996 -0.096479
1724138708.697269 0.180110 0.289706 0.390047 0.720628 0.686513 0.036759 -0.089686
1724138708.730594 0.183371 0.272851 0.384797 0.720567 0.687953 0.032870 -0.080145
1724138708.763908 0.186502 0.255955 0.379949 0.720810 0.689498 0.023908 -0.066739
1724138708.797232 0.189531 0.240331 0.375393 0.718868 0.692741 0.017260 -0.055134
1724138708.830547 0.192188 0.226471 0.371511 0.715477 0.697012 0.011727 -0.046152
1724138708.863862 0.194015 0.214691 0.368540 0.711530 0.701389 0.007911 -0.041432
1724138708.897186 0.195423 0.204915 0.365983 0.708063 0.705107 0.005581 -0.037947
1724138708.930501 0.196385 0.197380 0.364127 0.706155 0.707047 0.004526 -0.037540
1724138708.963815 0.197248 0.192079 0.362670 0.706308 0.706880 0.004356 -0.037833
1724138708.997125 0.198157 0.189162 0.361607 0.707871 0.705160 0.006679 -0.040290
1724138709.030450 0.198877 0.187832 0.360666 0.709966 0.702983 0.008824 -0.041066
1724138709.063774 0.199427 0.187969 0.359908 0.711842 0.701055 0.009994 -0.041277
1724138709.097098 0.199686 0.189812 0.359134 0.712576 0.700266 0.011580 -0.041571
1724138709.130432 0.199797 0.194518 0.358390 0.712531 0.700032 0.016022 -0.044690
1724138709.163757 0.199750 0.202632 0.358224 0.713394 0.698678 0.020390 -0.050030
1724138709.197091 0.200090 0.214406 0.358509 0.715666 0.695534 0.026874 -0.057725
1724138709.230425 0.200761 0.229384 0.358849 0.716314 0.693695 0.035911 -0.066266
1724138709.263759 0.201668 0.246721 0.359832 0.717419 0.691715 0.040205 -0.072282
1724138709.297112 0.202820 0.267458 0.361853 0.719726 0.688237 0.043032 -0.080453
1724138709.330465 0.204445 0.290439 0.364506 0.719809 0.686724 0.047547 -0.089579
1724138709.363819 0.205986 0.315015 0.367582 0.718762 0.687129 0.048246 -0.094381
1724138709.397171 0.207340 0.341295 0.371384 0.717172 0.688133 0.048661 -0.098847
1724138709.430525 0.208820 0.369489 0.375633 0.714686 0.689610 0.052687 -0.104331
1724138709.463878 0.210350 0.398753 0.380923 0.711282 0.691804 0.057374 -0.110424
1724138709.497222 0.211279 0.428160 0.387357 0.708910 0.693574 0.059102 -0.113622
1724138709.530576 0.211828 0.457991 0.394617 0.706871 0.694959 0.062095 -0.116228
1724138709.563939 0.212093 0.487339 0.403079 0.706312 0.695653 0.061590 -0.115749
1724138709.597302 0.211796 0.516205 0.412984 0.707672 0.695158 0.055041 -0.113699
1724138709.630665 0.210599 0.545248 0.423567 0.708863 0.694013 0.051536 -0.114905
1724138709.664008 0.209130 0.573782 0.434323 0.709602 0.693357 0.049154 -0.115349
1724138709.697361 0.207515 0.601357 0.445100 0.710661 0.692498 0.047702 -0.114592
1724138709.730705 0.206045 0.628291 0.455394 0.711101 0.692001 0.049899 -0.113932
1724138709.764058 0.204812 0.653363 0.464752 0.710206 0.693324 0.053352 -0.109829
1724138709.797402 0.204117 0.676547 0.473775 0.708605 0.695646 0.057183 -0.103374
1724138709.830746 0.203426 0.698337 0.482975 0.706757 0.697844 0.061732 -0.098475
1724138709.864099 0.202115 0.718690 0.492427 0.703274 0.700739 0.068942 -0.098070
1724138709.897443 0.200688 0.737817 0.502214 0.698709 0.703745 0.077839 -0.102418
1724138709.930786 0.198815 0.755643 0.512756 0.692280 0.706968 0.089602 -0.113650
1724138709.964130 0.196392 0.772066 0.522694 0.684310 0.710158 0.103852 -0.128884
1724138709.997480 0.193800 0.784813 0.532428 0.676730 0.712425 0.117846 -0.143525
1724138710.030824 0.191607 0.793724 0.540852 0.671347 0.713722 0.127433 -0.153801
1724138710.064167 0.189838 0.798203 0.547643 0.667626 0.714239 0.133730 -0.162033
1724138710.097511 0.188917 0.798188 0.552576 0.666014 0.714505 0.135916 -0.165635
1724138710.130864 0.189014 0.793735 0.555367 0.666036 0.714846 0.134983 -0.164838
1724138710.164208 0.189641 0.785312 0.555977 0.665184 0.715802 0.134399 -0.164606
1724138710.197552 0.191300 0.773624 0.554087 0.664399 0.717418 0.132509 -0.162259
1724138710.230896 0.194204 0.758036 0.550735 0.666778 0.717357 0.127842 -0.156405
1724138710.264230 0.197075 0.739724 0.545517 0.670571 0.716561 0.122756 -0.147668
1724138710.297564 0.200382 0.718338 0.539357 0.673559 0.716286 0.117153 -0.139738
1724138710.330898 0.203187 0.694269 0.532670 0.675931 0.716696 0.110621 -0.131250
1724138710.364232 0.205805 0.668466 0.525803 0.677841 0.716585 0.105890 -0.125800
1724138710.397566 0.207917 0.641119 0.518937 0.679851 0.716413 0.098668 -0.121737
1724138710.430900 0.209244 0.611433 0.512819 0.681649 0.717297 0.086902 -0.115268
1724138710.464234 0.210881 0.580782 0.507544 0.681717 0.719483 0.074130 -0.110050
1724138710.497558 0.211822 0.550063 0.503215 0.680888 0.722465 0.059826 -0.104193
1724138710.530892 0.211785 0.520279 0.500757 0.679674 0.725478 0.042836 -0.099449
1724138710.564207 0.211887 0.492958 0.499209 0.679778 0.726761 0.027159 -0.094777
1724138710.597521 0.212228 0.469225 0.497538 0.680522 0.726481 0.019439 -0.093476
1724138710.630817 0.212467 0.448523 0.496215 0.680816 0.726192 0.015917 -0.094240
1724138710.664122 0.212727 0.430184 0.495419 0.683549 0.723752 0.011801 -0.093834
1724138710.697417 0.213081 0.414627 0.494373 0.687854 0.719534 0.011048 -0.094893
1724138710.730712 0.213890 0.400521 0.492672 0.691515 0.715601 0.014204 -0.097567
1724138710.764008 0.214717 0.387268 0.490469 0.695627 0.711588 0.015880 -0.097430
1724138710.797313 0.214649 0.374398 0.488938 0.703579 0.704349 0.010745 -0.093565
1724138710.830628 0.214544 0.363525 0.487395 0.712617 0.695128 0.008634 -0.094342
1724138710.863933 0.214435 0.353964 0.484756 0.719531 0.687600 0.011856 -0.096653
1724138710.897257 0.214246 0.344259 0.481697 0.725011 0.681667 0.014810 -0.097318
1724138710.930581 0.213922 0.335246 0.478380 0.729854 0.676187 0.018338 -0.098734
1724138710.963906 0.213658 0.326152 0.474166 0.733307 0.672304 0.023654 -0.098527
1724138710.997226 0.213327 0.316996 0.469734 0.735927 0.669518 0.028050 -0.096796
1724138711.030560 0.212866 0.308247 0.465572 0.737235 0.668238 0.031810 -0.094504
1724138711.063894 0.212653 0.299617 0.461458 0.735661 0.670237 0.035731 -0.091154
1724138711.097228 0.212188 0.292040 0.457469 0.733324 0.673161 0.039875 -0.086603
1724138711.130562 0.211488 0.285891 0.454208 0.731528 0.675735 0.040824 -0.081137
1724138711.163896 0.209597 0.281750 0.451658 0.728612 0.679735 0.038308 -0.074958
1724138711.197230 0.205995 0.281154 0.449809 0.726213 0.683119 0.034137 -0.069275
1724138711.230564 0.200966 0.284852 0.448768 0.724729 0.685082 0.032159 -0.066299
1724138711.263898 0.194472 0.292202 0.448272 0.723607 0.686696 0.030537 -0.062525
1724138711.297232 0.185799 0.302884 0.448068 0.722546 0.688076 0.031105 -0.059254
1724138711.330547 0.175409 0.316325 0.447843 0.721344 0.688930 0.037935 -0.059992
1724138711.363871 0.163382 0.330681 0.447419 0.720208 0.689586 0.045809 -0.060604
1724138711.397195 0.149726 0.345301 0.446254 0.717972 0.690759 0.057887 -0.063383
1724138711.430529 0.134955 0.359651 0.443990 0.714493 0.692417 0.074181 -0.067495
1724138711.463863 0.118941 0.373030 0.441207 0.712267 0.692359 0.090444 -0.071654
1724138711.497207 0.101527 0.384803 0.438439 0.711229 0.691296 0.102879 -0.075360
1724138711.530551 0.083475 0.394404 0.435764 0.709997 0.691255 0.109971 -0.077305
1724138711.563894 0.064673 0.402443 0.433386 0.710159 0.690743 0.111906 -0.077616
1724138711.597228 0.045585 0.408839 0.431349 0.709664 0.691257 0.112106 -0.077288
1724138711.630562 0.026834 0.413845 0.429315 0.708125 0.693195 0.111150 -0.075403
1724138711.663887 0.008743 0.418034 0.427370 0.709918 0.692151 0.108413 -0.072048
1724138711.697221 -0.008581 0.421865 0.425683 0.713829 0.688747 0.105073 -0.070955
1724138711.730535 -0.024588 0.425437 0.424788 0.717903 0.685244 0.099990 -0.071117
1724138711.763840 -0.039276 0.429099 0.424535 0.721240 0.682253 0.094682 -0.073341
1724138711.797145 -0.052008 0.432686 0.425264 0.723925 0.679770 0.087858 -0.078269
1724138711.830450 -0.062207 0.436126 0.426323 0.726606 0.677259 0.078704 -0.084679
1724138711.863755 -0.069661 0.439635 0.427649 0.728639 0.674782 0.068942 -0.094874
1724138711.897070 -0.073987 0.442864 0.429199 0.730680 0.671666 0.058958 -0.107219
1724138711.930384 -0.074227 0.445348 0.430992 0.732992 0.668619 0.045602 -0.116587
1724138711.963718 -0.070646 0.447711 0.432756 0.735557 0.665223 0.031591 -0.124247
1724138711.997049 -0.063191 0.450834 0.434798 0.737930 0.661665 0.019000 -0.131521
1724138712.030383 -0.052075 0.454034 0.436642 0.738393 0.660084 0.009750 -0.137731
1724138712.063717 -0.037431 0.456873 0.438282 0.737810 0.660162 0.001481 -0.140787
1724138712.097051 -0.019706 0.458496 0.440641 0.736776 0.661612 -0.013320 -0.138757
1724138712.130384 0.000062 0.460213 0.444650 0.736870 0.661171 -0.030550 -0.137632
1724138712.163718 0.020809 0.462245 0.449176 0.736639 0.660484 -0.044391 -0.138397
1724138712.197052 0.042853 0.464551 0.453992 0.735734 0.660080 -0.054361 -0.141545
1724138712.230386 0.065467 0.467934 0.459341 0.735967 0.657916 -0.059365 -0.148238
1724138712.263721 0.087925 0.471010 0.464513 0.735657 0.656913 -0.063528 -0.152438
1724138712.297055 0.110827 0.472899 0.469113 0.735565 0.657037 -0.069652 -0.149651
1724138712.330389 0.134143 0.474541 0.472610 0.736888 0.656812 -0.074372 -0.141644
1724138712.363723 0.157576 0.476447 0.474925 0.739167 0.656411 -0.076887 -0.129790
1724138712.397057 0.181183 0.479400 0.476387 0.743176 0.654109 -0.074150 -0.119723
1724138712.430391 0.205241 0.481798 0.477106 0.745777 0.653483 -0.069900 -0.109048
1724138712.463734 0.229154 0.484822 0.476172 0.747868 0.653681 -0.059140 -0.099483
1724138712.497068 0.253793 0.487869 0.474423 0.749206 0.654199 -0.044082 -0.093654
1724138712.530421 0.278182 0.489076 0.472870 0.748684 0.656525 -0.033603 -0.085538
1724138712.563785 0.301270 0.489264 0.471248 0.750811 0.656042 -0.028397 -0.071312
1724138712.597147 0.323912 0.489859 0.469894 0.750965 0.656722 -0.017793 -0.066721
1724138712.630520 0.345215 0.489279 0.468843 0.749087 0.659537 -0.006957 -0.061890
1724138712.663893 0.364203 0.486617 0.469139 0.749310 0.660300 -0.006221 -0.050009
1724138712.697285 0.381381 0.483930 0.470818 0.748489 0.661623 -0.004315 -0.044733
1724138712.730667 0.397231 0.481094 0.472212 0.746470 0.664120 0.002079 -0.041501
1724138712.764050 0.411472 0.478054 0.473560 0.744359 0.666630 0.009234 -0.038053
1724138712.797422 0.423470 0.473884 0.475624 0.741191 0.670298 0.013349 -0.034037
1724138712.830804 0.433409 0.468450 0.477994 0.738991 0.673120 0.011548 -0.025849
1724138712.864176 0.441268 0.463112 0.480297 0.738932 0.673546 0.007742 -0.015960
1724138712.897558 0.446944 0.458343 0.482489 0.739016 0.673663 0.002579 -0.005198
1724138712.930931 0.450419 0.455356 0.484321 0.738398 0.674361 -0.000332 0.002266
1724138712.964304 0.451906 0.455077 0.485436 0.737421 0.675416 0.003610 0.003302
1724138712.997663 0.451283 0.456927 0.486017 0.736044 0.676830 0.011799 0.001247
1724138713.031036 0.448550 0.459500 0.485509 0.733244 0.679640 0.021008 0.000633
1724138713.064399 0.444057 0.462458 0.483982 0.729470 0.683364 0.029649 0.002867
1724138713.097772 0.437556 0.465713 0.481683 0.726855 0.685752 0.037130 0.006821
1724138713.131135 0.428345 0.469636 0.478970 0.726116 0.686117 0.042965 0.012375
1724138713.164507 0.416957 0.473041 0.475371 0.724678 0.687159 0.046933 0.021249
1724138713.197871 0.402881 0.477063 0.471306 0.724135 0.687049 0.052730 0.028489
1724138713.231234 0.385074 0.481131 0.468072 0.725233 0.685255 0.058086 0.032993
1724138713.264597 0.364756 0.484673 0.466055 0.725159 0.684917 0.061930 0.034614
1724138713.297950 0.341993 0.488215 0.465286 0.726218 0.683550 0.065458 0.032895
1724138713.331303 0.317050 0.491254 0.466087 0.726698 0.683263 0.065071 0.028769
1724138713.364647 0.290635 0.493356 0.467496 0.724627 0.685888 0.062427 0.024010
1724138713.397990 0.262977 0.495364 0.468861 0.721944 0.689088 0.060475 0.017244
1724138713.431315 0.234748 0.496221 0.470584 0.719844 0.691868 0.054907 0.011356
1724138713.464630 0.206309 0.496221 0.472106 0.716403 0.696049 0.047141 0.007747
1724138713.497954 0.178240 0.496272 0.472803 0.712856 0.700058 0.041577 0.005111
1724138713.531249 0.150856 0.496501 0.473354 0.712769 0.700459 0.036223 0.002397
1724138713.564545 0.123853 0.497233 0.473727 0.714500 0.698880 0.032238 -0.004093
1724138713.597821 0.097933 0.497712 0.473926 0.716513 0.696957 0.027309 -0.010730
1724138713.631097 0.073288 0.498098 0.474380 0.721438 0.692037 0.019355 -0.015416
1724138713.664392 0.049735 0.498387 0.475380 0.728415 0.684859 0.007114 -0.018158
1724138713.697668 0.027704 0.499035 0.476731 0.734115 0.678622 -0.005165 -0.022794
1724138713.730943 0.007955 0.500485 0.478021 0.737398 0.674646 -0.012421 -0.030687
1724138713.764229 -0.009401 0.502196 0.479354 0.740046 0.671146 -0.017818 -0.039720
1724138713.797495 -0.024138 0.503187 0.480881 0.742758 0.667511 -0.026201 -0.045313
1724138713.830771 -0.036086 0.503666 0.482240 0.744971 0.664340 -0.036400 -0.048438
1724138713.864057 -0.045276 0.503768 0.483208 0.746188 0.662187 -0.043608 -0.053023
1724138713.897333 -0.051219 0.503604 0.483148 0.746396 0.661284 -0.048557 -0.056914
1724138713.930628 -0.053921 0.503156 0.482377 0.745276 0.661980 -0.050614 -0.061516
1724138713.963914 -0.053577 0.502308 0.481614 0.743977 0.663000 -0.052806 -0.064348
1724138713.997206 -0.049797 0.501099 0.480724 0.743098 0.663704 -0.055713 -0.064798
1724138714.030501 -0.042520 0.501172 0.479682 0.742506 0.664142 -0.055138 -0.067532
1724138714.063797 -0.032426 0.502141 0.477788 0.742127 0.664460 -0.049695 -0.072602
1724138714.097102 -0.018991 0.502979 0.475118 0.741616 0.665256 -0.042575 -0.075019
1724138714.130416 -0.002897 0.503856 0.471845 0.740847 0.666509 -0.034195 -0.075772
1724138714.163750 0.015783 0.504887 0.468159 0.740042 0.667831 -0.023719 -0.076010
1724138714.197084 0.036853 0.505938 0.464085 0.739451 0.668823 -0.012157 -0.075763
1724138714.230418 0.060177 0.507371 0.460437 0.738549 0.669800 0.002564 -0.076851
1724138714.263752 0.084404 0.508036 0.456735 0.736334 0.672527 0.017316 -0.072253
1724138714.297086 0.110219 0.507603 0.453694 0.733282 0.676103 0.030716 -0.065106
1724138714.330430 0.136817 0.507300 0.451356 0.730487 0.678979 0.045698 -0.057345
1724138714.363784 0.163450 0.506773 0.449707 0.727776 0.681458 0.059952 -0.048606
1724138714.397156 0.190306 0.506069 0.448437 0.723339 0.685364 0.073362 -0.040920
1724138714.430529 0.217228 0.505051 0.447251 0.719851 0.687944 0.087225 -0.030654
1724138714.463892 0.243122 0.503944 0.445997 0.717731 0.688411 0.102409 -0.021554
1724138714.497284 0.267570 0.502489 0.445561 0.715814 0.688543 0.115187 -0.015836
1724138714.530676 0.290165 0.500522 0.445319 0.715812 0.686836 0.125705 -0.008281
1724138714.564078 0.310085 0.498247 0.444537 0.715518 0.684965 0.137313 -0.001410
1724138714.597479 0.326528 0.495444 0.444304 0.714409 0.684471 0.145244 0.004790
1724138714.630881 0.338276 0.492755 0.444665 0.714735 0.683707 0.146785 0.012405
1724138714.664301 0.345277 0.490695 0.445341 0.716894 0.682015 0.142928 0.022120
1724138714.697712 0.347576 0.489937 0.446284 0.718750 0.681237 0.135109 0.032559
1724138714.731114 0.345997 0.491797 0.447026 0.717578 0.683353 0.128669 0.039441
1724138714.764506 0.340925 0.495282 0.447550 0.714935 0.686939 0.121296 0.047643
1724138714.797898 0.333267 0.499992 0.447960 0.713226 0.689902 0.108982 0.058887
1724138714.831280 0.323514 0.505877 0.448351 0.714201 0.690147 0.091962 0.071813
1724138714.864653 0.312010 0.513070 0.448395 0.717966 0.686999 0.070648 0.086977
1724138714.898015 0.299351 0.521318 0.448134 0.723161 0.681345 0.047612 0.102660
1724138714.931359 0.286254 0.530752 0.447899 0.730938 0.671729 0.022665 0.118308
1724138714.964693 0.272501 0.540372 0.448197 0.739629 0.658383 -0.007990 0.139349
1724138714.998015 0.258576 0.549921 0.448757 0.745448 0.643429 -0.042467 0.168828
1724138715.031329 0.244793 0.560592 0.449702 0.748795 0.627934 -0.074747 0.198537
1724138715.064634 0.231376 0.572360 0.450374 0.749433 0.615613 -0.100956 0.221763
1724138715.097949 0.218974 0.585611 0.450228 0.748210 0.607358 -0.118638 0.239213
1724138715.131235 0.207313 0.599796 0.449709 0.744763 0.602175 -0.131581 0.255733
1724138715.164530 0.196065 0.614356 0.449193 0.740374 0.598541 -0.140743 0.271636
1724138715.197816 0.185393 0.629503 0.448193 0.736749 0.596882 -0.144086 0.283147
1724138715.231101 0.175635 0.645835 0.446359 0.734851 0.600967 -0.138269 0.282337
1724138715.264377 0.166226 0.661927 0.444622 0.731825 0.608620 -0.129921 0.277729
1724138715.297653 0.156762 0.676778 0.443338 0.727013 0.615721 -0.124622 0.277144
1724138715.330939 0.147338 0.690303 0.442507 0.721046 0.622059 -0.121663 0.279881
1724138715.364234 0.138338 0.702772 0.441336 0.714083 0.631184 -0.114622 0.280274
1724138715.397520 0.129820 0.713927 0.439503 0.706799 0.642819 -0.102754 0.276877
1724138715.430815 0.121156 0.723044 0.437774 0.698966 0.653718 -0.092603 0.274818
1724138715.464111 0.112619 0.729432 0.435874 0.690966 0.662400 -0.084281 0.276927
1724138715.497416 0.104197 0.733557 0.433629 0.682756 0.669765 -0.076099 0.281899
1724138715.530711 0.096317 0.735654 0.430933 0.674504 0.676303 -0.067259 0.288330
1724138715.564016 0.088869 0.736052 0.427504 0.667009 0.682285 -0.057303 0.293772
1724138715.597320 0.082282 0.734781 0.423593 0.657504 0.690589 -0.046264 0.297717
1724138715.630635 0.076786 0.732489 0.419250 0.647031 0.700459 -0.030784 0.299600
1724138715.663940 0.071554 0.729218 0.414035 0.636873 0.710867 -0.011486 0.298209
1724138715.697264 0.067138 0.725129 0.408265 0.625443 0.722665 0.012130 0.293989
1724138715.730608 0.063171 0.719451 0.402517 0.611464 0.735330 0.038205 0.289727
1724138715.763952 0.059067 0.711657 0.396985 0.597611 0.746126 0.062002 0.286904
1724138715.797324 0.054253 0.702890 0.390787 0.586055 0.755276 0.086047 0.280524
1724138715.830697 0.049265 0.694287 0.383117 0.574791 0.766872 0.115016 0.261331
1724138715.864079 0.043964 0.684316 0.374532 0.564547 0.777700 0.142120 0.237216
1724138715.897461 0.039210 0.671334 0.367776 0.558552 0.783700 0.158702 0.220562
1724138715.930863 0.034978 0.656638 0.361593 0.554032 0.789066 0.170166 0.203633
1724138715.964255 0.030570 0.641570 0.354980 0.551104 0.794969 0.182548 0.176028
1724138715.997625 0.027070 0.625136 0.348883 0.550635 0.798618 0.188561 0.153152
1724138716.031007 0.024380 0.606226 0.343727 0.553330 0.799287 0.190329 0.136896
1724138716.064389 0.022691 0.587163 0.339236 0.563802 0.794049 0.192902 0.120011
1724138716.097762 0.021409 0.568459 0.334912 0.575479 0.787234 0.196040 0.103219
1724138716.131125 0.020785 0.550696 0.331032 0.587288 0.779372 0.202432 0.081811
1724138716.164478 0.021427 0.532576 0.328544 0.600624 0.769258 0.207889 0.065383
1724138716.197832 0.023321 0.513562 0.327475 0.615171 0.758505 0.208255 0.053529
1724138716.231185 0.025820 0.495416 0.326855 0.629808 0.747128 0.208725 0.039696
1724138716.264548 0.029369 0.477433 0.327090 0.644485 0.736687 0.202673 0.029250
1724138716.297901 0.033839 0.459971 0.328579 0.658244 0.728511 0.188690 0.019527
1724138716.331255 0.039124 0.444825 0.331120 0.673813 0.719096 0.169686 0.009160
1724138716.364589 0.044906 0.432364 0.334802 0.690997 0.707987 0.145737 -0.006163
1724138716.397913 0.051488 0.422897 0.340145 0.707317 0.696945 0.115602 -0.024626
1724138716.431227 0.058576 0.415031 0.347154 0.720110 0.687720 0.079706 -0.046157
1724138716.464542 0.066400 0.407923 0.355679 0.731358 0.678325 0.033872 -0.061990
1724138716.497847 0.075776 0.402295 0.364794 0.739216 0.669323 -0.013622 -0.073356
1724138716.531132 0.086022 0.400079 0.373542 0.742682 0.661675 -0.049441 -0.090358
1724138716.564408 0.096793 0.399678 0.381285 0.743341 0.656084 -0.077102 -0.105133
1724138716.597674 0.107957 0.399320 0.388210 0.742310 0.652741 -0.105525 -0.108483
1724138716.630940 0.120179 0.400257 0.394045 0.741207 0.650032 -0.129347 -0.106484
1724138716.664217 0.133332 0.402681 0.397579 0.739156 0.650662 -0.142587 -0.099787
1724138716.697483 0.147650 0.406475 0.398120 0.736439 0.655352 -0.144950 -0.084621
1724138716.730750 0.163117 0.411333 0.396082 0.733604 0.662618 -0.139695 -0.056989
1724138716.764035 0.179045 0.417400 0.391611 0.730442 0.671616 -0.121394 -0.025505
1724138716.797321 0.195278 0.424564 0.386587 0.727135 0.679733 -0.095819 0.007506
1724138716.830626 0.212273 0.431831 0.381980 0.724385 0.685046 -0.064663 0.042404
1724138716.863950 0.228833 0.438977 0.377641 0.722695 0.685792 -0.031076 0.080220
1724138716.897304 0.244504 0.445874 0.374437 0.721169 0.682349 0.001485 0.119631
1724138716.930676 0.259553 0.451937 0.372736 0.717593 0.677593 0.035952 0.156957
1724138716.964078 0.273189 0.457479 0.371877 0.715008 0.667659 0.073259 0.193979
1724138716.997505 0.285353 0.463219 0.371709 0.711929 0.655571 0.113654 0.224646
1724138717.030955 0.296259 0.467820 0.373175 0.705798 0.643463 0.151321 0.254768
1724138717.064425 0.304949 0.470906 0.375506 0.700238 0.626041 0.185345 0.288768
1724138717.097884 0.311677 0.472768 0.379016 0.695381 0.607008 0.218241 0.316792
1724138717.131344 0.316052 0.473338 0.383202 0.691748 0.585683 0.245591 0.343722
1724138717.164804 0.318210 0.472717 0.387819 0.691270 0.559343 0.269422 0.369721
1724138717.198254 0.317685 0.471204 0.391840 0.693524 0.533261 0.288031 0.389480
1724138717.231704 0.315721 0.469434 0.394726 0.696292 0.513714 0.301854 0.400199
1724138717.265134 0.312781 0.468215 0.396949 0.698589 0.502803 0.308856 0.404685
1724138717.298555 0.308780 0.466947 0.398230 0.700626 0.501782 0.308386 0.402784
1724138717.331967 0.304151 0.466754 0.398158 0.702706 0.512406 0.301992 0.390443
1724138717.365378 0.298842 0.467849 0.396646 0.707813 0.531944 0.286324 0.366136
1724138717.398770 0.291710 0.469934 0.394464 0.712636 0.558369 0.265679 0.331343
1724138717.432162 0.283918 0.472690 0.392953 0.715423 0.588429 0.240311 0.290123
1724138717.465535 0.275173 0.475816 0.392743 0.717845 0.617970 0.207526 0.244428
1724138717.498897 0.264545 0.478997 0.393490 0.721360 0.643061 0.169553 0.193297
1724138717.532260 0.252987 0.481635 0.396064 0.723651 0.663897 0.127540 0.138938
1724138717.565594 0.241181 0.484431 0.400046 0.724801 0.678396 0.085009 0.084950
1724138717.598908 0.229448 0.487155 0.405110 0.722877 0.688901 0.042985 0.031886
1724138717.632213 0.218175 0.489257 0.411899 0.717550 0.696243 0.002080 -0.019066
1724138717.665489 0.207544 0.490850 0.418628 0.710455 0.699970 -0.036262 -0.063086
1724138717.698736 0.197985 0.491171 0.425331 0.701240 0.701851 -0.072772 -0.101842
1724138717.731983 0.188803 0.490215 0.432623 0.689407 0.702633 -0.107803 -0.139296
1724138717.765211 0.180596 0.488056 0.440416 0.677610 0.701142 -0.140522 -0.171751
1724138717.798448 0.173792 0.486720 0.446903 0.666535 0.698400 -0.165808 -0.201186
1724138717.831666 0.168055 0.485476 0.452108 0.654762 0.697363 -0.182379 -0.227397
1724138717.864894 0.163062 0.484034 0.455260 0.643166 0.699483 -0.191643 -0.245628
1724138717.898122 0.159118 0.483532 0.456625 0.633996 0.702604 -0.192387 -0.259585
1724138717.931349 0.155694 0.484956 0.455998 0.629637 0.705379 -0.181826 -0.270069
1724138717.964596 0.153409 0.488004 0.453323 0.631059 0.707783 -0.160781 -0.273781
1724138717.997830 0.152579 0.491927 0.448808 0.637134 0.710072 -0.131427 -0.269417
1724138718.031077 0.154097 0.496459 0.443331 0.647018 0.710791 -0.096799 -0.258407
1724138718.064334 0.157446 0.501910 0.437900 0.658994 0.708361 -0.053571 -0.247147
1724138718.097591 0.162396 0.506038 0.432605 0.669316 0.705936 -0.005846 -0.231594
1724138718.130877 0.168411 0.508800 0.427548 0.679398 0.702921 0.040363 -0.206621
1724138718.164182 0.174950 0.509911 0.423829 0.687967 0.698164 0.085833 -0.178606
1724138718.197506 0.182263 0.509344 0.421310 0.693386 0.693365 0.128724 -0.147958
1724138718.230850 0.189909 0.509062 0.419463 0.695939 0.688217 0.170559 -0.113732
1724138718.264213 0.197517 0.507539 0.419212 0.692468 0.683851 0.214831 -0.081749
1724138718.297595 0.204923 0.505561 0.420077 0.685329 0.679763 0.256720 -0.048395
1724138718.330997 0.211158 0.502279 0.421450 0.673059 0.677622 0.295963 -0.015045
1724138718.364418 0.215547 0.499030 0.424412 0.660119 0.675044 0.329162 0.014511
1724138718.397848 0.218934 0.496795 0.428116 0.650218 0.668518 0.358927 0.038371
1724138718.431279 0.221783 0.495106 0.431381 0.641124 0.661809 0.384064 0.058862
1724138718.464719 0.223217 0.492769 0.434687 0.633763 0.658253 0.399350 0.074611
1724138718.498149 0.223453 0.491232 0.437452 0.628219 0.657795 0.407312 0.082122
1724138718.531579 0.222912 0.490252 0.439779 0.626184 0.660466 0.406425 0.080607
1724138718.565010 0.221076 0.489231 0.441321 0.631313 0.663569 0.395096 0.070843
1724138718.598431 0.218080 0.488166 0.442453 0.642461 0.666290 0.374873 0.052645
1724138718.631833 0.214191 0.488070 0.443624 0.657300 0.666755 0.350284 0.026365
1724138718.665215 0.209257 0.488481 0.445253 0.674623 0.665082 0.320195 -0.005083
1724138718.698588 0.202802 0.487579 0.447615 0.692126 0.663339 0.282102 -0.036918
1724138718.731941 0.195866 0.486629 0.450352 0.709287 0.660065 0.238130 -0.067230
1724138718.765285 0.188658 0.486433 0.455167 0.722913 0.654657 0.193931 -0.105892
1724138718.798609 0.179825 0.487028 0.460621 0.730668 0.648177 0.154466 -0.148764
1724138718.831914 0.171352 0.486824 0.465803 0.732185 0.643631 0.118184 -0.188880
1724138718.865210 0.163429 0.485527 0.471705 0.730018 0.639972 0.079419 -0.226282
1724138718.898486 0.155054 0.483523 0.477299 0.725037 0.636680 0.041277 -0.259337
1724138718.931762 0.147596 0.481842 0.482722 0.717985 0.632349 0.008098 -0.290803
1724138718.965017 0.140572 0.480185 0.487922 0.709097 0.628068 -0.020292 -0.319845
1724138718.998272 0.135107 0.479013 0.491886 0.698793 0.624725 -0.041602 -0.345942
1724138719.031528 0.131005 0.479069 0.494099 0.689460 0.620620 -0.052492 -0.369757
1724138719.064785 0.127668 0.479996 0.494963 0.683063 0.616137 -0.057184 -0.387982
1724138719.098042 0.124718 0.481172 0.493243 0.680214 0.615780 -0.058690 -0.393293
1724138719.131299 0.122095 0.482590 0.488978 0.680827 0.620519 -0.057610 -0.384853
1724138719.164565 0.121466 0.485005 0.482924 0.683220 0.628455 -0.051616 -0.368227
1724138719.197822 0.121850 0.488719 0.475343 0.689556 0.637623 -0.040995 -0.340982
1724138719.231088 0.123254 0.492474 0.467169 0.701321 0.645295 -0.033668 -0.301015
1724138719.264364 0.125339 0.496078 0.459792 0.715096 0.651321 -0.036053 -0.251234
1724138719.297650 0.126309 0.499792 0.453019 0.728414 0.655059 -0.038549 -0.197042
1724138719.330935 0.126874 0.505475 0.447217 0.740200 0.657030 -0.045895 -0.135314
1724138719.364240 0.126813 0.508457 0.444012 0.748722 0.656113 -0.068854 -0.064731
1724138719.397536 0.126673 0.511089 0.445015 0.752079 0.651071 -0.102181 0.006501
1724138719.430841 0.125388 0.518603 0.446741 0.752232 0.644126 -0.123580 0.063065
1724138719.464135 0.124050 0.530154 0.448093 0.754958 0.634668 -0.132609 0.098233
1724138719.497421 0.122987 0.543770 0.449830 0.756690 0.627644 -0.135554 0.122916
1724138719.530716 0.122719 0.556996 0.452791 0.753750 0.623282 -0.144604 0.149897
1724138719.564012 0.122648 0.569494 0.457217 0.747764 0.617041 -0.160946 0.184947
1724138719.597307 0.122221 0.582420 0.461720 0.739598 0.612301 -0.175494 0.217447
1724138719.630593 0.121842 0.595524 0.466134 0.731754 0.607861 -0.188328 0.244078
1724138719.663868 0.121301 0.609466 0.470960 0.724781 0.601119 -0.203772 0.268004
1724138719.697174 0.121026 0.625046 0.474884 0.721285 0.597354 -0.214713 0.277154
1724138719.730469 0.120833 0.642118 0.476949 0.719678 0.600097 -0.217434 0.273258
1724138719.763803 0.120163 0.659048 0.478069 0.720510 0.602076 -0.217073 0.266927
1724138719.797137 0.119465 0.674842 0.478854 0.723257 0.602322 -0.214460 0.260988
1724138719.830471 0.119459 0.688956 0.479087 0.724593 0.605204 -0.208000 0.255791
1724138719.863805 0.119942 0.701263 0.477944 0.724354 0.612718 -0.193970 0.249528
1724138719.897139 0.120964 0.711580 0.476114 0.724474 0.620770 -0.175659 0.242746
1724138719.930471 0.122178 0.719388 0.474265 0.724617 0.628513 -0.157400 0.234791
1724138719.963845 0.122776 0.724318 0.472192 0.724661 0.636647 -0.138615 0.224350
1724138719.997177 0.123383 0.726922 0.470272 0.725947 0.645106 -0.117548 0.207418
1724138720.030511 0.124268 0.727648 0.468187 0.726968 0.655374 -0.094050 0.182088
1724138720.063845 0.125388 0.725854 0.466303 0.724801 0.668202 -0.071014 0.152078
1724138720.097179 0.126035 0.722729 0.464177 0.723624 0.679493 -0.043768 0.112877
1724138720.130522 0.126802 0.717527 0.462118 0.722837 0.687235 -0.014259 0.070789
1724138720.163856 0.127295 0.710299 0.459748 0.717962 0.695242 0.012435 0.031833
1724138720.197210 0.127750 0.700864 0.457768 0.712937 0.700443 0.033099 -0.002262
1724138720.230582 0.128941 0.689143 0.456529 0.707073 0.704068 0.052075 -0.040306
1724138720.263945 0.129395 0.675863 0.454938 0.697005 0.709799 0.067124 -0.076573
1724138720.297308 0.129657 0.660261 0.453508 0.687132 0.714133 0.075501 -0.110287
1724138720.330681 0.130502 0.643497 0.452055 0.677836 0.716221 0.083914 -0.143261
1724138720.364044 0.131074 0.624611 0.449976 0.667891 0.719754 0.085145 -0.169194
1724138720.397407 0.131358 0.603361 0.448116 0.657203 0.724995 0.077817 -0.190817
1724138720.430751 0.132213 0.581336 0.446498 0.648194 0.728822 0.067975 -0.209862
1724138720.464093 0.133679 0.560226 0.443989 0.642391 0.729962 0.058769 -0.225909
1724138720.497427 0.135951 0.541126 0.439995 0.638744 0.728490 0.056911 -0.240978
1724138720.530752 0.138766 0.523799 0.435182 0.636807 0.725094 0.062135 -0.254667
1724138720.564086 0.142217 0.508159 0.429579 0.637333 0.718620 0.073663 -0.268263
1724138720.597410 0.146249 0.494652 0.423546 0.637773 0.710076 0.092937 -0.283550
1724138720.630734 0.150421 0.482838 0.417687 0.637962 0.699518 0.119293 -0.299078
1724138720.664068 0.154549 0.470845 0.412425 0.638128 0.690895 0.142431 -0.308496
1724138720.697412 0.158276 0.459376 0.408216 0.641238 0.682437 0.158554 -0.312976
1724138720.730765 0.161803 0.449343 0.405403 0.645313 0.672147 0.174459 -0.318361
1724138720.764119 0.164872 0.440324 0.403520 0.650799 0.662737 0.185588 -0.320621
1724138720.797491 0.167539 0.432811 0.402474 0.658074 0.653650 0.193171 -0.319945
1724138720.830854 0.169852 0.426356 0.401538 0.665168 0.648335 0.194868 -0.315024
1724138720.864207 0.171662 0.421276 0.400620 0.670969 0.645824 0.195083 -0.307659
1724138720.897569 0.173357 0.418171 0.399770 0.678773 0.644693 0.190412 -0.295604
1724138720.930932 0.174669 0.417442 0.399345 0.687703 0.643914 0.182558 -0.281268
1724138720.964295 0.175580 0.419576 0.399024 0.696767 0.644640 0.171831 -0.263494
1724138720.997656 0.176022 0.423066 0.398602 0.707295 0.647659 0.152574 -0.238733
1724138721.031010 0.176179 0.426319 0.398186 0.719401 0.652241 0.122630 -0.204954
1724138721.064353 0.176675 0.431530 0.398478 0.732168 0.653638 0.091607 -0.168213
1724138721.097697 0.177154 0.439984 0.398491 0.743560 0.650660 0.070572 -0.137038
1724138721.131041 0.177306 0.449299 0.398930 0.752852 0.648529 0.045695 -0.102644
1724138721.164384 0.176778 0.458309 0.400825 0.761959 0.644960 0.006943 -0.058275
1724138721.197718 0.176122 0.469878 0.403740 0.770527 0.636631 -0.026474 -0.016943
1724138721.231043 0.174993 0.484614 0.406107 0.776674 0.628003 -0.046890 0.013830
1724138721.264377 0.173512 0.500661 0.408736 0.779458 0.621327 -0.065651 0.045702
1724138721.297701 0.172246 0.516667 0.412053 0.778882 0.616325 -0.083898 0.080300
1724138721.331025 0.171547 0.533035 0.416108 0.775038 0.612639 -0.103356 0.115357
1724138721.364340 0.171101 0.550669 0.420748 0.771372 0.608414 -0.118125 0.144447
1724138721.397655 0.170951 0.569093 0.425446 0.766776 0.606997 -0.124495 0.167660
1724138721.430959 0.170509 0.586679 0.431134 0.758859 0.606674 -0.136229 0.193704
1724138721.464263 0.169231 0.604058 0.436877 0.751955 0.605599 -0.148483 0.213929
1724138721.497569 0.167866 0.622347 0.442187 0.747838 0.604697 -0.157837 0.223983
1724138721.530874 0.166636 0.640988 0.446724 0.744008 0.605779 -0.163767 0.229489
1724138721.564160 0.165482 0.658660 0.450997 0.739099 0.607415 -0.169277 0.236907
1724138721.597445 0.164524 0.675651 0.454614 0.734725 0.607924 -0.173567 0.245932
1724138721.630741 0.163788 0.692472 0.456558 0.732614 0.610081 -0.171350 0.248429
1724138721.664026 0.163025 0.708125 0.457945 0.731006 0.615001 -0.164788 0.245456
1724138721.697322 0.162391 0.721036 0.459499 0.728452 0.619451 -0.160166 0.244920
1724138721.730627 0.161495 0.730940 0.460374 0.725009 0.624398 -0.156403 0.245005
1724138721.763932 0.160954 0.738111 0.460831 0.720747 0.631443 -0.151709 0.242461
1724138721.797237 0.160694 0.742818 0.460899 0.716831 0.638290 -0.145336 0.240034
1724138721.830542 0.160196 0.744347 0.460140 0.714039 0.644154 -0.137701 0.237176
1724138721.863875 0.159830 0.742771 0.458416 0.713033 0.649141 -0.129072 0.231388
1724138721.897209 0.159168 0.737608 0.456234 0.712191 0.653909 -0.122140 0.224207
1724138721.930543 0.158823 0.729203 0.453650 0.711512 0.658632 -0.115687 0.215803
1724138721.963877 0.158425 0.718013 0.450713 0.710788 0.664413 -0.108201 0.204030
1724138721.997210 0.158177 0.705360 0.446985 0.712178 0.669614 -0.099014 0.186052
1724138722.030544 0.158141 0.691688 0.442277 0.714577 0.675875 -0.084364 0.159547
1724138722.063878 0.157599 0.677557 0.437389 0.718168 0.680347 -0.068235 0.129258
1724138722.097212 0.157119 0.661549 0.432449 0.720224 0.683635 -0.054518 0.104635
1724138722.130546 0.157394 0.643169 0.427213 0.719648 0.688144 -0.042084 0.082422
1724138722.163889 0.158018 0.623443 0.421598 0.717555 0.693065 -0.031192 0.061664
1724138722.197223 0.158967 0.602761 0.415351 0.712896 0.699812 -0.016946 0.041881
1724138722.230577 0.160081 0.581017 0.409382 0.707009 0.706812 -0.007719 0.022258
1724138722.263930 0.161520 0.560418 0.403213 0.701145 0.712942 0.007356 -0.007461
1724138722.297274 0.163019 0.540088 0.396911 0.690954 0.721572 0.025589 -0.035523
1724138722.330627 0.164169 0.520256 0.390363 0.679161 0.730226 0.044224 -0.059628
1724138722.363980 0.165796 0.503066 0.384942 0.668798 0.735104 0.063398 -0.091169
1724138722.397334 0.167209 0.487602 0.380048 0.657907 0.738110 0.083679 -0.123895
1724138722.430686 0.168628 0.472883 0.375823 0.647167 0.740277 0.100624 -0.151790
1724138722.464048 0.170901 0.459337 0.372487 0.639217 0.740476 0.114146 -0.173398
1724138722.497402 0.173635 0.446817 0.369536 0.631985 0.740401 0.126004 -0.191114
1724138722.530756 0.175936 0.437314 0.368225 0.623108 0.737597 0.142789 -0.217483
1724138722.564099 0.178182 0.430403 0.368259 0.610538 0.733421 0.164530 -0.249534
1724138722.597453 0.180116 0.423097 0.368508 0.594618 0.731450 0.184773 -0.277973
1724138722.630825 0.182359 0.414402 0.368242 0.583369 0.730118 0.197128 -0.296225
1724138722.664188 0.184848 0.404471 0.367136 0.580652 0.729728 0.198459 -0.301585
1724138722.697551 0.187083 0.394795 0.365200 0.581822 0.729696 0.198416 -0.299429
1724138722.730904 0.188642 0.386421 0.363405 0.586468 0.729075 0.197147 -0.292642
1724138722.764267 0.189999 0.381113 0.362157 0.594521 0.726628 0.195432 -0.283484
1724138722.797630 0.190441 0.379561 0.361843 0.602886 0.723336 0.194639 -0.274643
1724138722.830973 0.190251 0.382177 0.362704 0.611132 0.718526 0.195339 -0.268477
1724138722.864316 0.189567 0.389336 0.363954 0.618933 0.712808 0.198354 -0.263595
1724138722.897660 0.188998 0.399511 0.365085 0.626442 0.709385 0.198390 -0.254921
1724138722.931014 0.188526 0.411490 0.365477 0.636436 0.709053 0.190184 -0.236693
1724138722.964377 0.188507 0.425226 0.365478 0.649934 0.709256 0.174773 -0.209752
1724138722.997718 0.188447 0.441381 0.365581 0.665000 0.707926 0.157049 -0.178746
1724138723.031081 0.188106 0.458434 0.366482 0.680385 0.705784 0.134189 -0.144698
1724138723.064444 0.187711 0.476096 0.368277 0.697100 0.701172 0.105613 -0.106089
1724138723.097797 0.186637 0.494559 0.371276 0.715187 0.692161 0.073412 -0.063490
1724138723.131141 0.184893 0.512652 0.375982 0.731326 0.680862 0.036281 -0.016528
1724138723.164485 0.182079 0.530055 0.382118 0.744442 0.666772 -0.003277 0.034793
1724138723.197829 0.178858 0.548126 0.388870 0.753690 0.651664 -0.033976 0.078301
1724138723.231163 0.176147 0.567227 0.394631 0.758074 0.641036 -0.048845 0.109591
1724138723.264497 0.174208 0.585534 0.399669 0.758411 0.635408 -0.052691 0.135248
1724138723.297821 0.172417 0.602057 0.404025 0.756766 0.631844 -0.049572 0.160065
1724138723.331145 0.170541 0.616043 0.407789 0.754592 0.626808 -0.044979 0.188890
1724138723.364470 0.168491 0.627495 0.410705 0.753243 0.618593 -0.037646 0.220342
1724138723.397804 0.166485 0.636427 0.412379 0.752704 0.608618 -0.023232 0.249960
1724138723.431146 0.164076 0.643298 0.412346 0.751895 0.598664 -0.003642 0.276121
1724138723.464490 0.161852 0.648194 0.410748 0.752031 0.588111 0.022869 0.296735
1724138723.497843 0.159832 0.651394 0.407853 0.752235 0.578295 0.059590 0.310109
1724138723.531216 0.156708 0.652027 0.404067 0.752137 0.564443 0.099045 0.325397
1724138723.564589 0.153641 0.650255 0.400694 0.748292 0.552184 0.136653 0.341289
1724138723.597980 0.150195 0.646140 0.396817 0.741665 0.540009 0.175587 0.357059
1724138723.631373 0.145688 0.639459 0.393418 0.735189 0.524685 0.210284 0.374144
1724138723.664764 0.140276 0.630060 0.391427 0.729138 0.507206 0.232645 0.396202
1724138723.698176 0.134603 0.619080 0.390269 0.722739 0.492432 0.247551 0.416987
1724138723.731587 0.129772 0.608167 0.388509 0.713472 0.485367 0.262302 0.431943
1724138723.764998 0.125091 0.597173 0.385867 0.705975 0.480930 0.273271 0.442300
1724138723.798410 0.120155 0.585390 0.382648 0.701377 0.477595 0.273866 0.452736
1724138723.831820 0.115881 0.573900 0.378379 0.698853 0.480380 0.267688 0.457366
1724138723.865222 0.113062 0.563736 0.372503 0.697626 0.488458 0.261755 0.454104
1724138723.898624 0.111381 0.554710 0.366207 0.699687 0.501830 0.249584 0.443071
1724138723.932006 0.110614 0.546170 0.361460 0.702432 0.524130 0.228240 0.424009
1724138723.965398 0.111737 0.538924 0.357967 0.703576 0.552831 0.205656 0.396312
1724138723.998769 0.114791 0.533884 0.355573 0.703495 0.587012 0.186802 0.354425
1724138724.032141 0.119352 0.529256 0.355499 0.703618 0.618640 0.169308 0.305843
1724138724.065495 0.124331 0.523041 0.358224 0.702692 0.644698 0.140012 0.266429
1724138724.098838 0.130342 0.516549 0.361604 0.700729 0.666974 0.110509 0.227843
1724138724.132163 0.137404 0.510516 0.363791 0.697709 0.686771 0.085184 0.185180
1724138724.165477 0.145211 0.503443 0.365634 0.693374 0.704300 0.057760 0.140918
1724138724.198763 0.153402 0.495165 0.368078 0.693448 0.713108 0.025565 0.099762
1724138724.232049 0.162330 0.486196 0.370573 0.695380 0.715728 -0.005814 0.064398
1724138724.265315 0.172191 0.476981 0.372472 0.694606 0.718171 -0.031437 0.027670
1724138724.298581 0.182797 0.469425 0.373633 0.694283 0.717950 -0.046320 -0.019300
1724138724.331819 0.193411 0.462304 0.373709 0.692623 0.716305 -0.053603 -0.065628
1724138724.365075 0.202898 0.454883 0.374248 0.690619 0.711707 -0.065614 -0.110513
1724138724.398321 0.212131 0.447530 0.375583 0.691512 0.701499 -0.079649 -0.152861
1724138724.431588 0.221041 0.439328 0.377586 0.693587 0.689265 -0.102468 -0.182623
1724138724.464854 0.229771 0.430469 0.379934 0.693585 0.678529 -0.129695 -0.204247
1724138724.498120 0.237450 0.422705 0.381280 0.691658 0.669295 -0.151262 -0.225332
1724138724.531377 0.244749 0.415890 0.381710 0.687587 0.662307 -0.167658 -0.245895
1724138724.564643 0.251803 0.410601 0.381737 0.684634 0.654765 -0.179443 -0.265254
1724138724.597900 0.258786 0.406491 0.381014 0.682694 0.648460 -0.186539 -0.280412
1724138724.631166 0.266195 0.402884 0.379552 0.681170 0.645303 -0.190374 -0.288704
1724138724.664433 0.273468 0.400073 0.377895 0.681959 0.643895 -0.190492 -0.289904
1724138724.697709 0.279792 0.398475 0.374560 0.685901 0.645658 -0.181688 -0.282232
1724138724.730994 0.285373 0.396701 0.369618 0.690621 0.652679 -0.165057 -0.264214
1724138724.764280 0.290869 0.394327 0.363900 0.695429 0.662873 -0.142873 -0.237832
1724138724.797565 0.296675 0.392212 0.357086 0.701153 0.673723 -0.117712 -0.201557
1724138724.830870 0.303285 0.388903 0.349655 0.706815 0.683886 -0.089783 -0.157008
1724138724.864194 0.309740 0.384655 0.342450 0.710424 0.692895 -0.060480 -0.107404
1724138724.897519 0.315468 0.380438 0.335227 0.713210 0.698258 -0.028165 -0.054523
1724138724.930862 0.320110 0.377318 0.329380 0.715303 0.698786 0.006106 -0.001656
1724138724.964206 0.324233 0.374088 0.325771 0.715049 0.696128 0.039737 0.050320
1724138724.997566 0.326640 0.371306 0.324033 0.712855 0.689947 0.073077 0.102328
1724138725.030949 0.326758 0.369143 0.323234 0.708754 0.681079 0.105358 0.150661
1724138725.064341 0.325933 0.367128 0.323776 0.701811 0.670559 0.134642 0.199206
1724138725.097762 0.324388 0.366730 0.325672 0.693153 0.656535 0.166734 0.246377
1724138725.131183 0.321346 0.367195 0.328056 0.683501 0.639915 0.202087 0.287222
1724138725.164613 0.317057 0.368087 0.331700 0.672014 0.620062 0.234293 0.330194
1724138725.198044 0.310895 0.368929 0.336394 0.660420 0.595313 0.267336 0.371456
1724138725.231484 0.303367 0.370066 0.341847 0.648880 0.570055 0.296688 0.407391
1724138725.264925 0.294238 0.371111 0.347779 0.635411 0.549340 0.320946 0.437576
1724138725.298365 0.283863 0.371856 0.354267 0.624581 0.527565 0.340124 0.464639
1724138725.331796 0.272021 0.372467 0.360569 0.618493 0.505611 0.352597 0.487339
1724138725.365217 0.260010 0.374542 0.365482 0.615007 0.490187 0.364641 0.498517
1724138725.398627 0.247531 0.377592 0.368233 0.614494 0.481917 0.371616 0.502050
1724138725.432039 0.234934 0.380850 0.369476 0.617752 0.478414 0.373553 0.499960
1724138725.465440 0.222094 0.384548 0.368856 0.622599 0.479019 0.375093 0.492155
1724138725.498822 0.209378 0.388907 0.367372 0.629263 0.484863 0.373520 0.478977
1724138725.532205 0.197273 0.393424 0.365429 0.639018 0.495780 0.364752 0.461317
1724138725.565578 0.185455 0.398209 0.362492 0.650001 0.513178 0.349801 0.437935
1724138725.598950 0.174445 0.403670 0.358753 0.662838 0.536685 0.332290 0.402738
1724138725.632323 0.163431 0.409410 0.355247 0.676840 0.561208 0.308952 0.362604
1724138725.665686 0.152076 0.414687 0.351771 0.690128 0.586428 0.280720 0.317839
1724138725.699030 0.141042 0.419855 0.349079 0.703790 0.608680 0.247417 0.270134
1724138725.732383 0.129768 0.425063 0.347264 0.715778 0.627119 0.209899 0.224336
1724138725.765717 0.120302 0.430113 0.347712 0.721625 0.646877 0.176131 0.172582
1724138725.799040 0.112146 0.434009 0.349352 0.725305 0.663189 0.139085 0.121528
1724138725.832345 0.104595 0.436877 0.351922 0.730576 0.672510 0.092751 0.073391
1724138725.865631 0.098202 0.439452 0.355947 0.736150 0.674950 0.043426 0.025309
1724138725.898897 0.092949 0.440265 0.361083 0.735943 0.676741 -0.008410 -0.018417
1724138725.932154 0.089410 0.440468 0.368255 0.731524 0.676163 -0.062855 -0.061037
1724138725.965391 0.087057 0.439319 0.375854 0.721775 0.675766 -0.113748 -0.097175
1724138725.998627 0.085067 0.438034 0.382701 0.709145 0.674585 -0.159789 -0.128514
1724138726.031845 0.084766 0.436438 0.388955 0.694084 0.673766 -0.197335 -0.159203
1724138726.065063 0.084582 0.433688 0.392824 0.675524 0.677177 -0.223328 -0.187680
1724138726.098281 0.084876 0.430663 0.395298 0.656949 0.680102 -0.243431 -0.215916
1724138726.131508 0.085201 0.426998 0.396064 0.639176 0.683503 -0.255999 -0.242368
1724138726.164736 0.084625 0.422436 0.394253 0.624129 0.689499 -0.259362 -0.260358
1724138726.197964 0.082558 0.418367 0.390711 0.615449 0.694966 -0.258832 -0.266929
1724138726.231191 0.079748 0.415424 0.385668 0.613252 0.700358 -0.254956 -0.261569
1724138726.264419 0.076584 0.413496 0.380052 0.614768 0.707196 -0.252934 -0.240747
1724138726.297656 0.072888 0.412463 0.374378 0.622403 0.711533 -0.256070 -0.201899
1724138726.330884 0.067203 0.413022 0.367521 0.636123 0.710451 -0.262325 -0.147625
1724138726.397368 0.057998 0.421773 0.359421 0.654209 0.700600 -0.284380 -0.017285
1724138726.430615 0.050778 0.432656 0.356564 0.668739 0.686510 -0.283554 0.033010
1724138726.463871 0.043184 0.446811 0.353057 0.683017 0.673274 -0.275927 0.063674
1724138726.497205 0.035623 0.463113 0.350399 0.692407 0.664190 -0.267041 0.090078
1724138726.530491 0.028180 0.480797 0.348277 0.696592 0.659642 -0.256596 0.117433
1724138726.563824 0.021708 0.499611 0.347421 0.696383 0.657204 -0.249640 0.144270
1724138726.597158 0.016611 0.519920 0.347916 0.694371 0.657552 -0.241826 0.164300
1724138726.630492 0.012228 0.541166 0.350547 0.690252 0.661282 -0.234853 0.176357
1724138726.663826 0.008221 0.561559 0.356538 0.682772 0.662438 -0.241335 0.191717
1724138726.697160 0.004034 0.581558 0.364686 0.675457 0.659859 -0.255357 0.207694
1724138726.730494 -0.001058 0.602402 0.372603 0.669901 0.655241 -0.268040 0.223713
1724138726.763828 -0.006204 0.623955 0.378677 0.667925 0.650733 -0.273395 0.235959
1724138726.797162 -0.010844 0.646160 0.381861 0.670999 0.649235 -0.266893 0.238794
1724138726.830496 -0.015236 0.668295 0.383129 0.676520 0.649831 -0.252720 0.237007
1724138726.863830 -0.019353 0.689233 0.383697 0.682437 0.650801 -0.237338 0.233254
1724138726.897164 -0.022886 0.708229 0.383773 0.687795 0.653478 -0.220083 0.226863
1724138726.930546 -0.025729 0.725477 0.382406 0.693455 0.657800 -0.198327 0.216993
1724138726.963880 -0.027732 0.739752 0.380204 0.698233 0.663480 -0.172769 0.205952
1724138726.997212 -0.028808 0.750487 0.377785 0.700966 0.669665 -0.145075 0.197859
1724138727.030585 -0.028809 0.757007 0.375713 0.701564 0.676821 -0.117537 0.189490
1724138727.063919 -0.028047 0.760607 0.373498 0.701694 0.684981 -0.090715 0.173773
1724138727.097253 -0.027302 0.761466 0.370671 0.703232 0.691666 -0.060336 0.153045
1724138727.130626 -0.026442 0.760083 0.366728 0.707062 0.694908 -0.025014 0.128607
1724138727.163960 -0.024230 0.756533 0.363643 0.709213 0.698381 0.013773 0.095350
1724138727.197294 -0.022222 0.751487 0.359687 0.708922 0.700423 0.053275 0.063234
1724138727.230637 -0.019352 0.742617 0.356921 0.709656 0.697686 0.091050 0.036503
1724138727.263991 -0.016029 0.731122 0.354846 0.708375 0.694926 0.123346 0.008247
1724138727.297363 -0.013125 0.717900 0.353333 0.702987 0.692571 0.159451 -0.027023
1724138727.330746 -0.009500 0.701484 0.352733 0.699166 0.687284 0.190141 -0.051520
1724138727.364138 -0.005840 0.680083 0.352009 0.696050 0.684958 0.206211 -0.061837
1724138727.397529 -0.002189 0.655929 0.350650 0.693058 0.683591 0.218245 -0.068879
1724138727.430911 0.001473 0.630852 0.348412 0.691345 0.680399 0.231192 -0.075157
1724138727.464303 0.005415 0.603507 0.345436 0.691600 0.677715 0.237992 -0.075833
1724138727.497694 0.009222 0.573902 0.341590 0.694193 0.674953 0.240301 -0.069206
1724138727.531077 0.013125 0.543528 0.338029 0.696185 0.672392 0.243792 -0.061487
1724138727.564459 0.016563 0.514407 0.334497 0.694028 0.670963 0.253462 -0.062378
1724138727.597842 0.019164 0.485363 0.330739 0.693609 0.668980 0.259985 -0.061486
1724138727.631214 0.021428 0.454917 0.326927 0.694765 0.667221 0.262347 -0.057375
1724138727.664577 0.022971 0.424905 0.323026 0.693780 0.665669 0.268882 -0.057074
1724138727.697940 0.023896 0.396642 0.319815 0.691854 0.663050 0.279422 -0.060219
1724138727.731303 0.024225 0.370182 0.317575 0.692608 0.656780 0.290843 -0.065916
1724138727.764656 0.024243 0.344676 0.315694 0.699185 0.645880 0.299171 -0.066896
1724138727.798009 0.024464 0.319980 0.313855 0.708567 0.633086 0.305141 -0.063432
1724138727.831372 0.023994 0.296827 0.312209 0.713959 0.623073 0.313277 -0.062457
1724138727.864725 0.023171 0.274818 0.310535 0.718138 0.614344 0.321329 -0.060059
1724138727.898079 0.021896 0.253968 0.308277 0.720953 0.609017 0.325867 -0.055991
1724138727.931442 0.020611 0.235369 0.305512 0.722247 0.606586 0.328279 -0.051425
1724138727.964785 0.018973 0.219637 0.302105 0.722508 0.606569 0.328303 -0.047684
1724138727.998137 0.017632 0.207863 0.297852 0.721458 0.608031 0.327952 -0.047368
1724138728.031490 0.017353 0.200019 0.292714 0.722250 0.608803 0.324670 -0.047994
1724138728.064834 0.018911 0.196925 0.286546 0.724743 0.608179 0.319755 -0.051206
1724138728.098177 0.023303 0.199380 0.279999 0.726552 0.605599 0.319234 -0.058843
1724138728.131511 0.030497 0.206903 0.273351 0.728310 0.600118 0.323138 -0.070734
1724138728.164845 0.039606 0.217392 0.266876 0.729206 0.594150 0.328454 -0.085805
1724138728.198189 0.049818 0.229018 0.260190 0.730090 0.589668 0.330421 -0.100412
1724138728.231533 0.061536 0.241762 0.253808 0.730859 0.584329 0.332567 -0.117487
1724138728.264886 0.074294 0.254491 0.248639 0.731315 0.578812 0.333855 -0.136729
1724138728.298239 0.087258 0.265047 0.244668 0.732674 0.575265 0.328962 -0.155057
1724138728.331593 0.100498 0.273807 0.241646 0.735321 0.571942 0.320783 -0.171122
1724138728.364945 0.114571 0.280831 0.240168 0.738485 0.568432 0.311594 -0.185563
1724138728.398298 0.128980 0.285995 0.240146 0.739205 0.567348 0.302868 -0.199906
1724138728.431642 0.143827 0.289667 0.241141 0.738051 0.568224 0.294672 -0.213472
1724138728.464986 0.159533 0.291701 0.243322 0.737661 0.569641 0.285773 -0.222933
1724138728.498329 0.175647 0.291282 0.245784 0.738950 0.572803 0.272428 -0.227228
1724138728.531673 0.192105 0.289132 0.248273 0.740491 0.577370 0.257513 -0.228044
1724138728.565017 0.208935 0.285747 0.250927 0.741187 0.583439 0.242790 -0.226480
1724138728.598351 0.225857 0.280534 0.253221 0.741166 0.592775 0.225673 -0.219915
1724138728.631685 0.242844 0.273258 0.255238 0.741560 0.604401 0.203813 -0.207964
1724138728.665019 0.259677 0.264600 0.257407 0.741847 0.617415 0.178702 -0.191123
1724138728.698353 0.276972 0.256991 0.260500 0.740426 0.628131 0.161313 -0.176631
1724138728.731685 0.294811 0.250539 0.264971 0.738428 0.636260 0.150597 -0.164979
1724138728.765019 0.312962 0.245387 0.270725 0.737127 0.641815 0.143803 -0.155042
1724138728.798353 0.331380 0.242730 0.277338 0.736941 0.644339 0.142007 -0.146897
1724138728.831697 0.349615 0.242437 0.284220 0.735883 0.646379 0.143992 -0.141196
1724138728.865041 0.367264 0.245441 0.291103 0.734730 0.647416 0.149553 -0.136594
1724138728.898394 0.383911 0.252506 0.297351 0.734297 0.646961 0.156988 -0.132684
1724138728.931748 0.398463 0.263296 0.303014 0.733791 0.647021 0.162650 -0.128292
1724138728.965101 0.411215 0.276522 0.308238 0.733114 0.648763 0.163617 -0.121979
1724138728.998462 0.421545 0.291453 0.313284 0.735365 0.650295 0.154282 -0.112033
1724138729.031825 0.429624 0.308402 0.318972 0.740471 0.650571 0.135678 -0.100253
1724138729.065178 0.435857 0.327504 0.324882 0.744853 0.651523 0.113394 -0.088622
1724138729.098532 0.440096 0.348129 0.330813 0.747437 0.654153 0.087310 -0.076147
1724138729.131885 0.442887 0.370035 0.337209 0.748787 0.657262 0.058732 -0.062259
1724138729.165229 0.444993 0.393483 0.343918 0.748741 0.660552 0.029901 -0.046522
1724138729.198572 0.447015 0.418737 0.350766 0.745364 0.665809 0.005967 -0.033108
1724138729.231906 0.448418 0.444692 0.357290 0.742148 0.669838 -0.015044 -0.017505
1724138729.265231 0.449056 0.469885 0.363785 0.741396 0.669864 -0.039648 0.006515
1724138729.298555 0.449120 0.494436 0.370930 0.743267 0.664460 -0.068149 0.037466
1724138729.331879 0.448032 0.518195 0.377927 0.745475 0.656076 -0.094878 0.069494
1724138729.365193 0.445404 0.540506 0.384644 0.747706 0.644318 -0.121582 0.104919
1724138729.398498 0.441755 0.561153 0.391782 0.747859 0.629401 -0.153492 0.144915
1724138729.431803 0.436808 0.580194 0.399761 0.743419 0.613862 -0.187837 0.187668
1724138729.465108 0.430754 0.598479 0.406652 0.736977 0.602162 -0.211156 0.222886
1724138729.498403 0.423340 0.616939 0.412152 0.732463 0.593492 -0.223981 0.247179
1724138729.531698 0.414079 0.635298 0.416483 0.730519 0.588228 -0.229550 0.260070
1724138729.564994 0.402395 0.652593 0.418876 0.730182 0.586153 -0.229782 0.265441
1724138729.598289 0.389117 0.668190 0.419231 0.731131 0.586229 -0.225180 0.266603
1724138729.631585 0.374756 0.681599 0.419003 0.730819 0.586416 -0.219769 0.271517
1724138729.664880 0.360021 0.692331 0.418656 0.725205 0.588527 -0.215962 0.284735
1724138729.698175 0.343904 0.702046 0.416976 0.717782 0.596954 -0.208608 0.291407
1724138729.731470 0.326988 0.711732 0.414035 0.710599 0.613235 -0.195659 0.284095
1724138729.764775 0.308738 0.720188 0.411207 0.702948 0.629621 -0.180815 0.277032
1724138729.798070 0.288791 0.727153 0.408742 0.697700 0.640598 -0.167632 0.273401
1724138729.831375 0.267916 0.732750 0.406033 0.695154 0.648031 -0.155253 0.269656
1724138729.864670 0.246197 0.737032 0.403179 0.695371 0.652848 -0.140981 0.265280
1724138729.897966 0.223918 0.740134 0.400193 0.698669 0.653959 -0.125610 0.261576
1724138729.931271 0.201406 0.741860 0.397169 0.702383 0.654035 -0.110913 0.258059
1724138729.964576 0.179368 0.742636 0.393632 0.705034 0.656166 -0.094629 0.251831
1724138729.997870 0.157870 0.743031 0.388833 0.706898 0.661942 -0.072572 0.238457
1724138730.031184 0.136756 0.742865 0.383509 0.706755 0.670667 -0.045530 0.220521
1724138730.064499 0.116068 0.742179 0.377606 0.705788 0.680040 -0.015060 0.197946
1724138730.097814 0.095718 0.739479 0.372247 0.706467 0.685929 0.013160 0.173877
1724138730.131138 0.076650 0.734379 0.367967 0.705933 0.690992 0.036576 0.151163
1724138730.164463 0.058855 0.727263 0.364345 0.706942 0.693665 0.054979 0.126645
1724138730.197797 0.042420 0.718309 0.360224 0.710003 0.693509 0.070687 0.099720
1724138730.231131 0.027666 0.707360 0.355903 0.713477 0.692219 0.083679 0.069150
1724138730.264464 0.014904 0.693635 0.351790 0.716394 0.690545 0.090667 0.041301
1724138730.297808 0.004655 0.677059 0.347420 0.719097 0.688406 0.093331 0.016930
1724138730.331142 -0.003032 0.658410 0.342808 0.720737 0.686182 0.097771 -0.011541
1724138730.364475 -0.008686 0.637428 0.337520 0.720410 0.684877 0.102301 -0.038552
1724138730.397809 -0.011612 0.614137 0.332117 0.720529 0.682212 0.107629 -0.061966
1724138730.431143 -0.011775 0.589939 0.326716 0.722464 0.675250 0.122840 -0.083627
1724138730.464477 -0.010024 0.565070 0.321924 0.723645 0.666272 0.146935 -0.104061
1724138730.497811 -0.006741 0.540028 0.317113 0.725293 0.655159 0.175031 -0.118668
1724138730.531145 -0.000884 0.515602 0.312380 0.728627 0.641983 0.206878 -0.119009
1724138730.564489 0.006923 0.493449 0.307127 0.735232 0.626473 0.239134 -0.098895
1724138730.798300 0.060831 0.368289 0.315803 0.726290 0.504342 0.361342 0.295929
1724138730.831740 0.065439 0.358865 0.320575 0.721038 0.489068 0.352133 0.341934
1724138730.865170 0.071131 0.352389 0.323537 0.716940 0.481566 0.337922 0.374032
1724138730.898592 0.078241 0.348463 0.325159 0.716866 0.482482 0.313095 0.394062
1724138730.932003 0.087068 0.347246 0.325637 0.719778 0.492330 0.282475 0.399674
1724138730.965414 0.098481 0.350070 0.324522 0.722954 0.514580 0.259807 0.380847
1724138730.998804 0.111468 0.355915 0.323463 0.727534 0.545262 0.240867 0.339657
1724138731.032196 0.123722 0.362111 0.324175 0.734575 0.571891 0.213226 0.296437
1724138731.065579 0.134915 0.366856 0.327485 0.742554 0.591867 0.172430 0.261869
1724138731.098951 0.146090 0.371934 0.333509 0.746426 0.614000 0.129220 0.221708
1724138731.132314 0.158129 0.378278 0.341360 0.745305 0.635913 0.087435 0.180250
1724138731.165648 0.170796 0.385057 0.349352 0.739295 0.656236 0.049534 0.142631
1724138731.198963 0.182898 0.392231 0.358964 0.732274 0.672983 0.010405 0.103730
1724138731.232258 0.194412 0.399260 0.369906 0.727128 0.681296 -0.036266 0.076195
1724138731.265534 0.205193 0.407236 0.381306 0.722068 0.684240 -0.085224 0.056310
1724138731.298791 0.214990 0.417263 0.392059 0.717357 0.682727 -0.131929 0.043337
1724138731.332038 0.224300 0.430054 0.401211 0.714044 0.677739 -0.171684 0.036535
1724138731.365264 0.232902 0.445334 0.409381 0.709594 0.674050 -0.202515 0.033475
1724138731.398492 0.240855 0.462417 0.416703 0.704389 0.670507 -0.229502 0.039829
1724138731.431720 0.247973 0.481920 0.422606 0.699776 0.667188 -0.250209 0.050693
1724138731.464938 0.253764 0.502538 0.426526 0.695852 0.664579 -0.263592 0.068141
1724138731.498156 0.257840 0.523438 0.428501 0.693095 0.662483 -0.269153 0.091063
1724138731.531374 0.260920 0.545277 0.429720 0.694495 0.655768 -0.270592 0.120103
1724138731.564602 0.262961 0.567257 0.429737 0.698592 0.647709 -0.264512 0.149920
1724138731.597839 0.263940 0.587962 0.428316 0.699350 0.644533 -0.252436 0.178218
1724138731.631067 0.263969 0.607608 0.427310 0.699074 0.640086 -0.242442 0.206901
1724138731.664314 0.263017 0.626555 0.427214 0.700091 0.633960 -0.235142 0.229512
1724138731.697580 0.260342 0.644150 0.427628 0.703466 0.622491 -0.233390 0.251334
1724138731.730855 0.256311 0.660758 0.428527 0.708844 0.609383 -0.233790 0.267459
1724138731.764141 0.251748 0.676347 0.428482 0.715899 0.597552 -0.230991 0.277604
1724138731.797436 0.247881 0.690501 0.425823 0.721580 0.587887 -0.222942 0.289841
1724138731.830741 0.245151 0.703553 0.421126 0.723629 0.588101 -0.209787 0.294087
1724138731.864046 0.244263 0.715800 0.415348 0.721423 0.600452 -0.192552 0.286235
1724138731.897371 0.245941 0.726642 0.409513 0.716134 0.619617 -0.172303 0.271180
1724138731.930705 0.248415 0.736888 0.403215 0.709113 0.642439 -0.150059 0.248823
1724138732.030704 0.257832 0.760518 0.392974 0.686369 0.710567 -0.096369 0.121261
1724138732.064039 0.260627 0.763647 0.394373 0.678891 0.724844 -0.090159 0.074700
1724138732.097382 0.263836 0.763804 0.398430 0.671162 0.734935 -0.092483 0.029319
1724138732.130716 0.268228 0.761745 0.403154 0.663679 0.741805 -0.095268 -0.013395
1724138732.164069 0.273664 0.758132 0.407365 0.660173 0.743316 -0.097632 -0.046061
1724138732.197423 0.280412 0.753997 0.409649 0.659953 0.741578 -0.095840 -0.073068
1724138732.230776 0.288546 0.748788 0.410672 0.656931 0.742053 -0.090576 -0.097959
1724138732.264139 0.297621 0.743194 0.409556 0.653163 0.743361 -0.080153 -0.119870
1724138732.297493 0.306731 0.736498 0.407538 0.648141 0.745460 -0.065271 -0.141219
1724138732.330856 0.316373 0.727566 0.405683 0.643593 0.747387 -0.054048 -0.155819
1724138732.364208 0.326032 0.717204 0.402798 0.641008 0.747630 -0.041061 -0.168739
1724138732.397561 0.335414 0.704791 0.399003 0.636962 0.748251 -0.027077 -0.183488
1724138732.430915 0.345386 0.690109 0.394815 0.635182 0.747735 -0.016045 -0.192821
1724138732.464268 0.355237 0.673585 0.389494 0.636358 0.746371 -0.006221 -0.194781
1724138732.497621 0.364177 0.654985 0.383499 0.637621 0.745624 0.003673 -0.193575
1724138732.530984 0.371852 0.634711 0.377487 0.642678 0.742408 0.015223 -0.188582
1724138732.564347 0.377510 0.614041 0.370993 0.651192 0.736343 0.030189 -0.181211
1724138732.597710 0.380320 0.591316 0.364520 0.659062 0.732027 0.040545 -0.167720
1724138732.631073 0.380834 0.567392 0.357675 0.669200 0.727349 0.045658 -0.145089
1724138732.664446 0.378142 0.543461 0.351321 0.683852 0.717990 0.052432 -0.118686
1724138732.697817 0.373047 0.520173 0.345574 0.698582 0.707273 0.058617 -0.091168
1724138732.731200 0.364773 0.496974 0.341400 0.714624 0.694157 0.063098 -0.058978
1724138732.764572 0.354147 0.476292 0.337640 0.731060 0.678319 0.068840 -0.026363
1724138732.797964 0.342372 0.458282 0.333904 0.746962 0.659919 0.080907 0.002910
1724138732.831347 0.329147 0.442615 0.330138 0.762041 0.639546 0.095770 0.033211
1724138732.864739 0.314659 0.429284 0.326206 0.775003 0.618924 0.110489 0.063998
1724138732.898140 0.299893 0.418510 0.322442 0.783922 0.600187 0.130027 0.091292
1724138732.931542 0.284265 0.409798 0.319143 0.790274 0.581873 0.150551 0.119271
1724138732.964963 0.267365 0.401694 0.315737 0.794304 0.564587 0.164445 0.152576
1724138732.998372 0.249175 0.394262 0.312382 0.795321 0.550306 0.167890 0.190898
1724138733.031784 0.230577 0.388811 0.310117 0.792869 0.540091 0.171886 0.223866
1724138733.065185 0.213038 0.385807 0.308349 0.785341 0.537393 0.182927 0.246952
1724138733.098587 0.196159 0.383695 0.306461 0.771350 0.542815 0.190647 0.272074
1724138733.131979 0.180126 0.382860 0.305110 0.752852 0.552777 0.196014 0.298714
1724138733.165361 0.165374 0.384191 0.304257 0.733773 0.561885 0.205738 0.321769
1724138733.198734 0.151737 0.386656 0.304144 0.715670 0.567930 0.217053 0.343744
1724138733.232107 0.138820 0.389763 0.304656 0.700050 0.568907 0.227480 0.366780
1724138733.265470 0.126440 0.393535 0.305106 0.689024 0.567239 0.235231 0.384905
1724138733.298832 0.114753 0.398966 0.304231 0.682260 0.570835 0.236607 0.390750
1724138733.332196 0.104772 0.406887 0.302032 0.678854 0.585039 0.231938 0.378274
1724138733.365558 0.095727 0.415979 0.299255 0.678131 0.606835 0.212694 0.355880
1724138733.398911 0.087345 0.425326 0.296988 0.674541 0.634434 0.184677 0.329214
1724138733.432264 0.080501 0.434206 0.297280 0.664606 0.664249 0.151737 0.306672
1724138733.465608 0.076723 0.442954 0.300043 0.645046 0.695459 0.121244 0.292494
1724138733.498932 0.075940 0.451944 0.304679 0.614041 0.730265 0.097928 0.282978
1724138733.532237 0.077250 0.460831 0.310137 0.576242 0.763839 0.078947 0.279753
1724138733.565532 0.079116 0.470026 0.315197 0.536939 0.793771 0.065329 0.278130
1724138733.598838 0.081162 0.479920 0.319130 0.498604 0.822819 0.060001 0.266013
1724138733.632133 0.082005 0.489957 0.321620 0.463750 0.847931 0.059378 0.249847
1724138733.665438 0.081049 0.499697 0.322661 0.435470 0.868118 0.062220 0.229924
1724138733.698742 0.077230 0.508776 0.321585 0.421160 0.881623 0.071596 0.200596
1724138733.732066 0.070976 0.516118 0.318958 0.421200 0.887331 0.086546 0.166565
1724138733.765381 0.062775 0.522042 0.315126 0.435197 0.885167 0.106817 0.125190
1724138733.798705 0.053467 0.525914 0.311320 0.458931 0.875188 0.131123 0.078963
1724138733.832020 0.044503 0.528059 0.309243 0.489951 0.857281 0.152853 0.040654
1724138733.865325 0.037394 0.528037 0.308467 0.527159 0.832970 0.167844 0.009636
1724138733.898620 0.032978 0.525043 0.308586 0.565434 0.806807 0.170995 -0.010410
1724138733.931925 0.030246 0.518790 0.309859 0.602959 0.779469 0.168654 -0.020614
1724138733.965230 0.028461 0.509411 0.312211 0.639892 0.750818 0.162031 -0.023577
1724138733.998533 0.026281 0.499110 0.314689 0.673562 0.722621 0.153570 -0.023427
1724138734.031838 0.023703 0.489505 0.317026 0.702620 0.694638 0.151903 -0.026982
1724138734.065153 0.019944 0.477740 0.319114 0.726203 0.671652 0.144602 -0.024539
1724138734.098477 0.014371 0.463441 0.321998 0.747816 0.652233 0.123035 -0.015042
1724138734.131802 0.009373 0.452077 0.324219 0.759968 0.638459 0.120039 -0.020236
1724138734.165126 0.005852 0.442847 0.323604 0.764769 0.630335 0.130715 -0.026843
1724138734.198441 0.002810 0.433705 0.321100 0.770604 0.622664 0.133647 -0.024438
1724138734.231765 0.001410 0.425495 0.317281 0.774853 0.617035 0.136158 -0.018201
1724138734.265089 0.001692 0.418952 0.311246 0.775345 0.614599 0.144792 -0.011967
1724138734.298414 0.003262 0.413295 0.304381 0.775561 0.612526 0.152636 -0.004325
1724138734.331748 0.005471 0.408896 0.296737 0.777887 0.607330 0.161219 0.007048
1724138734.365090 0.007671 0.405842 0.289369 0.782162 0.599256 0.169682 0.017989
1724138734.398444 0.009407 0.404054 0.283050 0.786963 0.590590 0.177037 0.023484
1724138734.431807 0.010161 0.403146 0.277567 0.792364 0.581507 0.182888 0.023705
1724138734.465179 0.010282 0.402965 0.272706 0.798105 0.572297 0.187299 0.020578
1724138734.498552 0.010084 0.402957 0.268414 0.804643 0.562252 0.190206 0.015611
1724138734.531934 0.010130 0.402718 0.264383 0.811847 0.550901 0.193016 0.012534
1724138734.565307 0.010706 0.402172 0.260523 0.818363 0.540133 0.195973 0.011485
1724138734.598689 0.011840 0.401102 0.257101 0.822671 0.532283 0.199475 0.009806
1724138734.632081 0.013487 0.398778 0.253576 0.824481 0.527883 0.203666 0.009567
1724138734.665454 0.015752 0.394860 0.249508 0.822393 0.529213 0.208471 0.011933
1724138734.698845 0.018387 0.389036 0.244777 0.817251 0.535246 0.212776 0.018408
1724138734.732227 0.021135 0.382018 0.240158 0.811035 0.543315 0.215082 0.027758
1724138734.765610 0.023569 0.374266 0.235602 0.802000 0.555034 0.217558 0.037436
1724138734.798992 0.025083 0.366975 0.231573 0.792815 0.567163 0.218236 0.046302
1724138734.832384 0.025057 0.360850 0.228082 0.785631 0.577096 0.216694 0.052796
1724138734.865766 0.023785 0.355998 0.225558 0.780687 0.584948 0.212874 0.055222
1724138734.899139 0.021149 0.352350 0.222974 0.777647 0.590629 0.208143 0.055665
1724138734.932512 0.017596 0.349241 0.219913 0.774705 0.595981 0.204140 0.054461
1724138734.965874 0.013213 0.346766 0.216494 0.773909 0.598896 0.198841 0.053400
1724138734.999236 0.007726 0.344791 0.212616 0.774104 0.600770 0.192928 0.051149
1724138735.032589 0.001726 0.343177 0.209275 0.774414 0.602856 0.186119 0.046995
1724138735.065933 -0.004634 0.341719 0.206553 0.775155 0.604519 0.178647 0.042150
1724138735.099276 -0.010788 0.339780 0.204486 0.776648 0.605342 0.169935 0.038742
1724138735.132610 -0.016884 0.337170 0.202555 0.777781 0.606365 0.161290 0.036939
1724138735.165935 -0.022683 0.333806 0.201254 0.778500 0.608001 0.151648 0.035713
1724138735.199259 -0.028232 0.330160 0.200114 0.777115 0.611844 0.143467 0.034013
1724138735.232564 -0.033425 0.326260 0.199425 0.776321 0.614781 0.135135 0.033278
1724138735.265879 -0.038267 0.322302 0.198689 0.776172 0.616679 0.126961 0.033839
1724138735.299184 -0.042558 0.318783 0.198128 0.775581 0.618662 0.120799 0.033747
1724138735.399078 -0.052607 0.311530 0.196898 0.776601 0.619750 0.108310 0.032700
1724138735.698745 -0.057416 0.304120 0.195838 0.771770 0.627226 0.098686 0.034907
1724138735.765365 -0.058885 0.304757 0.198447 0.772075 0.627328 0.096379 0.032742
1724138735.865299 -0.061487 0.305568 0.202644 0.776445 0.622223 0.094281 0.032903
1724138735.931928 -0.063890 0.303298 0.203529 0.773929 0.625297 0.093674 0.035534
1724138735.965243 -0.065279 0.301391 0.203570 0.771658 0.628125 0.092724 0.037488
1724138735.998557 -0.066656 0.299403 0.203387 0.769583 0.630711 0.091423 0.039850
1724138736.031871 -0.068167 0.297443 0.203053 0.768282 0.632483 0.089240 0.041770
1724138736.065196 -0.069791 0.295609 0.202341 0.766771 0.634414 0.087930 0.043001
1724138736.098510 -0.071149 0.293911 0.201272 0.765975 0.635399 0.086862 0.044795
1724138736.131825 -0.072612 0.292154 0.200035 0.765866 0.635571 0.085890 0.046064
1724138736.198454 -0.075693 0.288725 0.196621 0.765983 0.635343 0.084983 0.048860
1724138736.365007 -0.084378 0.282108 0.194597 0.767320 0.634808 0.075054 0.051046
