1724138701.981735 0.217758 0.541258 0.660847 0.709071 0.703150 0.027198 -0.045375
1724138702.015037 0.220249 0.537196 0.670308 0.705726 0.706846 0.036896 -0.030965
1724138702.048371 0.222767 0.534359 0.678375 0.704388 0.708214 0.044061 -0.018157
1724138702.081705 0.224584 0.532499 0.684474 0.705635 0.706785 0.050005 -0.005819
1724138702.115040 0.225342 0.531452 0.688675 0.706318 0.705806 0.054330 0.000891
1724138702.148374 0.226030 0.530824 0.690748 0.706137 0.705928 0.054995 0.003438
1724138702.181708 0.226399 0.531277 0.690021 0.707698 0.704228 0.056588 0.004997
1724138702.215043 0.226655 0.531809 0.686764 0.710283 0.701693 0.055677 0.005004
1724138702.248377 0.226331 0.532212 0.681188 0.712845 0.699465 0.050838 0.003909
1724138702.281712 0.226082 0.533362 0.673148 0.714295 0.698411 0.044743 0.001755
1724138702.315046 0.225351 0.534716 0.663234 0.714165 0.698966 0.037482 -0.003065
1724138702.348380 0.223719 0.536973 0.651435 0.712698 0.700797 0.028954 -0.010333
1724138702.381715 0.221905 0.540195 0.637789 0.710469 0.703159 0.020066 -0.019963
1724138702.415049 0.219296 0.543759 0.622480 0.708990 0.704516 0.010136 -0.029809
1724138702.448383 0.215499 0.547757 0.605959 0.708452 0.704486 -0.000111 -0.042379
1724138702.481718 0.211445 0.551588 0.588334 0.708085 0.703634 -0.012162 -0.058030
1724138702.515052 0.207174 0.555158 0.569541 0.708444 0.702116 -0.025090 -0.067163
1724138702.548386 0.202500 0.558833 0.550149 0.707672 0.701572 -0.034445 -0.076231
1724138702.581721 0.198577 0.562088 0.530496 0.705231 0.701980 -0.045257 -0.088463
1724138702.615055 0.196116 0.564134 0.510735 0.704792 0.700699 -0.057556 -0.094745
1724138702.648389 0.193874 0.565603 0.491106 0.705920 0.698502 -0.066148 -0.096935
1724138702.681724 0.193152 0.566095 0.471888 0.705511 0.697830 -0.075918 -0.097592
1724138702.715058 0.193299 0.565765 0.453175 0.706299 0.696951 -0.083175 -0.092098
1724138702.748392 0.193519 0.565584 0.435539 0.708530 0.694697 -0.086713 -0.088667
1724138702.781727 0.194649 0.563774 0.419509 0.709577 0.692966 -0.094285 -0.086078
1724138702.815061 0.196219 0.561214 0.404688 0.711792 0.691084 -0.099253 -0.076835
1724138702.848395 0.197337 0.558433 0.391942 0.713893 0.689373 -0.102069 -0.068573
1724138702.881730 0.198619 0.554475 0.381717 0.714053 0.688950 -0.108029 -0.061698
1724138702.915064 0.199905 0.550542 0.373407 0.715062 0.688118 -0.111413 -0.052597
1724138702.948399 0.200833 0.547153 0.367625 0.717170 0.686107 -0.113089 -0.046210
1724138702.981733 0.201700 0.544159 0.364405 0.718199 0.684768 -0.115889 -0.043034
1724138703.015051 0.202705 0.541631 0.363152 0.719137 0.683963 -0.115923 -0.039967
1724138703.048385 0.203467 0.540043 0.363961 0.720169 0.683258 -0.114299 -0.038100
1724138703.081719 0.203870 0.538833 0.367167 0.720990 0.682603 -0.112817 -0.038719
1724138703.115053 0.204305 0.538228 0.372244 0.721573 0.682094 -0.111579 -0.040374
1724138703.148387 0.205246 0.537717 0.378885 0.721714 0.682133 -0.109902 -0.041774
1724138703.181721 0.206827 0.536826 0.387029 0.721422 0.682942 -0.106536 -0.042306
1724138703.215056 0.208746 0.535482 0.396609 0.720175 0.684656 -0.103652 -0.043015
1724138703.248389 0.211032 0.533617 0.407798 0.720034 0.685097 -0.101484 -0.043521
1724138703.281723 0.213122 0.531541 0.420360 0.720672 0.684839 -0.098033 -0.044915
1724138703.315058 0.215557 0.528505 0.434241 0.720574 0.685291 -0.094576 -0.046953
1724138703.348392 0.218470 0.524766 0.448708 0.720621 0.685890 -0.089694 -0.047068
1724138703.381726 0.221934 0.519827 0.464055 0.720611 0.686892 -0.081960 -0.046719
1724138703.415061 0.225729 0.513363 0.480062 0.720212 0.688321 -0.073897 -0.045258
1724138703.448395 0.229706 0.505654 0.496653 0.720719 0.688756 -0.066425 -0.042036
1724138703.481729 0.234041 0.496881 0.513434 0.722048 0.688319 -0.058824 -0.037478
1724138703.515063 0.238810 0.486867 0.530419 0.722850 0.688372 -0.052411 -0.029744
1724138703.548397 0.244590 0.476155 0.547185 0.723256 0.688827 -0.045350 -0.019032
1724138703.581731 0.250801 0.465325 0.563414 0.724242 0.688512 -0.037301 -0.005776
1724138703.615066 0.258009 0.454809 0.579535 0.726416 0.686609 -0.028457 0.008773
1724138703.648400 0.265309 0.445555 0.595014 0.729854 0.682999 -0.017267 0.022954
1724138703.681733 0.272418 0.436135 0.610066 0.733709 0.678434 -0.006946 0.036733
1724138703.715067 0.279553 0.427644 0.624483 0.736140 0.674835 0.003213 0.051816
1724138703.748411 0.286326 0.419744 0.637861 0.737415 0.672010 0.014828 0.066348
1724138703.781755 0.292215 0.412191 0.650471 0.737793 0.669906 0.023009 0.079743
1724138703.815119 0.297858 0.405353 0.662010 0.737074 0.668732 0.030870 0.092559
1724138703.848482 0.303491 0.399128 0.672093 0.736622 0.666738 0.039255 0.106337
1724138703.881855 0.308166 0.393688 0.680644 0.736233 0.664477 0.045946 0.119665
1724138703.915237 0.312427 0.388907 0.687636 0.736021 0.662443 0.051857 0.129433
1724138703.948619 0.315830 0.385814 0.692755 0.736720 0.659947 0.056890 0.135933
1724138703.982002 0.319218 0.383775 0.695782 0.738211 0.657111 0.060345 0.140029
1724138704.015374 0.321315 0.383068 0.696645 0.739590 0.655121 0.063466 0.140695
1724138704.048746 0.322516 0.383560 0.695306 0.739983 0.655290 0.063846 0.137634
1724138704.082138 0.322679 0.384915 0.691952 0.740109 0.656346 0.062648 0.132379
1724138704.115521 0.322135 0.387564 0.686360 0.739277 0.659096 0.060736 0.123989
1724138704.148893 0.320795 0.390779 0.678899 0.737375 0.663202 0.057569 0.114574
1724138704.182246 0.318795 0.395373 0.669349 0.735611 0.667102 0.054347 0.104391
1724138704.215610 0.315347 0.400902 0.657831 0.734570 0.670677 0.049795 0.090110
1724138704.248953 0.309955 0.407235 0.644558 0.733451 0.674474 0.041452 0.073591
1724138704.282297 0.303594 0.413646 0.629898 0.731253 0.679026 0.030556 0.057096
1724138704.315621 0.296957 0.419735 0.613779 0.727600 0.684570 0.019477 0.039777
1724138704.348946 0.290179 0.425225 0.596696 0.724474 0.688805 0.006996 0.025222
1724138704.382260 0.283303 0.429762 0.578566 0.724868 0.688733 -0.003108 0.014294
1724138704.415575 0.275575 0.433961 0.559598 0.726549 0.686987 -0.012987 0.002504
1724138704.448881 0.267188 0.436752 0.540477 0.727224 0.685813 -0.027249 -0.008011
1724138704.482167 0.258469 0.437797 0.521119 0.727387 0.684809 -0.041996 -0.013481
1724138704.515462 0.249999 0.437915 0.501633 0.727252 0.683907 -0.055062 -0.018551
1724138704.548777 0.241838 0.437461 0.482915 0.727459 0.682183 -0.069988 -0.023040
1724138704.582082 0.234133 0.437133 0.464756 0.728894 0.679190 -0.081997 -0.026287
1724138704.615367 0.227723 0.436884 0.447293 0.729119 0.677675 -0.091289 -0.028446
1724138704.648673 0.222719 0.436180 0.430580 0.729205 0.676675 -0.098480 -0.025930
1724138704.681978 0.218767 0.434828 0.414849 0.729644 0.675629 -0.103323 -0.021661
1724138704.715273 0.216689 0.432445 0.400448 0.730469 0.673933 -0.109480 -0.015612
1724138704.748578 0.215801 0.429723 0.387475 0.732191 0.671631 -0.112982 -0.006567
1724138704.781893 0.216249 0.426516 0.376538 0.733524 0.669790 -0.115387 0.003171
1724138704.815217 0.217642 0.423011 0.367795 0.734245 0.668545 -0.117342 0.012796
1724138704.848531 0.219734 0.419349 0.361497 0.734998 0.667189 -0.118878 0.022472
1724138704.881855 0.221793 0.416508 0.357832 0.735852 0.665942 -0.118891 0.030138
1724138704.915191 0.223661 0.415143 0.356643 0.736378 0.665553 -0.116602 0.034494
1724138704.948525 0.224944 0.414727 0.357858 0.736379 0.666095 -0.113076 0.035744
1724138704.981859 0.225734 0.415502 0.361406 0.737235 0.665865 -0.109769 0.032540
1724138705.015195 0.226017 0.416833 0.367058 0.738819 0.664789 -0.106995 0.027461
1724138705.048538 0.226889 0.418470 0.374459 0.739213 0.665004 -0.104232 0.021640
1724138705.081882 0.227939 0.420037 0.383478 0.737812 0.667292 -0.100509 0.015890
1724138705.115216 0.229000 0.421705 0.394080 0.736077 0.670039 -0.095595 0.009988
1724138705.148540 0.229860 0.423958 0.406529 0.735274 0.671792 -0.089786 0.002385
1724138705.181874 0.231043 0.426113 0.420677 0.735424 0.672400 -0.083587 -0.006542
1724138705.215208 0.231905 0.427716 0.436344 0.736794 0.671518 -0.077422 -0.014317
1724138705.248542 0.233173 0.429162 0.453573 0.739341 0.669496 -0.068226 -0.022268
1724138705.281876 0.234494 0.430074 0.471803 0.743149 0.665990 -0.057385 -0.029901
1724138705.315210 0.236144 0.428837 0.490799 0.746030 0.663217 -0.049057 -0.034295
1724138705.348544 0.238549 0.427080 0.509906 0.746854 0.662925 -0.037857 -0.036136
1724138705.381878 0.241360 0.424514 0.528684 0.746895 0.663562 -0.025268 -0.034562
1724138705.415212 0.244295 0.420668 0.546937 0.745861 0.665319 -0.014946 -0.028623
1724138705.448546 0.246833 0.416524 0.564168 0.743679 0.668189 -0.003238 -0.021350
1724138705.481880 0.249145 0.411405 0.580488 0.741213 0.671156 0.003948 -0.011761
1724138705.515224 0.250898 0.406232 0.595405 0.739612 0.672955 0.009983 -0.002378
1724138705.548558 0.253417 0.401634 0.608476 0.737062 0.675568 0.016270 0.009079
1724138705.581892 0.256131 0.397650 0.619790 0.734252 0.678127 0.022211 0.022901
1724138705.615226 0.258758 0.394663 0.629683 0.731890 0.679903 0.028062 0.035792
1724138705.648560 0.260583 0.392483 0.638043 0.730685 0.680372 0.033080 0.045817
1724138705.681894 0.261679 0.391373 0.644635 0.730659 0.679701 0.035883 0.053457
1724138705.715237 0.262341 0.391197 0.649135 0.732238 0.677427 0.037676 0.059173
1724138705.748581 0.262364 0.392413 0.651289 0.734997 0.674276 0.039042 0.060064
1724138705.781935 0.261870 0.394773 0.651158 0.737208 0.672269 0.040244 0.054400
1724138705.815288 0.262309 0.397062 0.648205 0.738224 0.671563 0.040496 0.048878
1724138705.848622 0.263250 0.398526 0.642576 0.740405 0.669109 0.043074 0.047307
1724138705.881975 0.264152 0.399440 0.635172 0.742279 0.667162 0.044645 0.043852
1724138705.915319 0.265073 0.399252 0.626312 0.743971 0.665714 0.042370 0.039217
1724138705.948672 0.265546 0.398377 0.616213 0.745782 0.663987 0.039038 0.037503
1724138705.982026 0.264897 0.397999 0.605350 0.747505 0.662604 0.034499 0.031656
1724138706.015362 0.263430 0.397789 0.593995 0.749790 0.660751 0.026301 0.023069
1724138706.048716 0.260701 0.398605 0.581780 0.753628 0.656909 0.017516 0.014460
1724138706.082059 0.257360 0.400170 0.568724 0.758502 0.651596 0.008460 0.004985
1724138706.115403 0.253704 0.401780 0.555157 0.762161 0.647373 -0.004312 0.000791
1724138706.148737 0.249231 0.405145 0.540809 0.764442 0.644561 -0.012697 -0.002867
1724138706.182061 0.244560 0.408914 0.526302 0.763565 0.645262 -0.023207 -0.008195
1724138706.215395 0.240312 0.412308 0.511616 0.760904 0.647786 -0.036770 -0.006789
1724138706.248729 0.235366 0.417616 0.496388 0.759421 0.649072 -0.044010 -0.006922
1724138706.282063 0.230955 0.423283 0.481471 0.757432 0.650450 -0.055705 -0.010430
1724138706.315387 0.227834 0.428477 0.466302 0.756116 0.650866 -0.067436 -0.010684
1724138706.348722 0.225566 0.434272 0.450437 0.754774 0.651844 -0.072626 -0.011885
1724138706.382036 0.224637 0.438683 0.434771 0.751644 0.654626 -0.079817 -0.011176
1724138706.415361 0.224270 0.442419 0.419619 0.750440 0.655559 -0.083855 -0.007200
1724138706.448675 0.224130 0.445669 0.405093 0.750571 0.655264 -0.085221 -0.002920
1724138706.482000 0.224739 0.447110 0.391588 0.749525 0.655913 -0.089345 0.002830
1724138706.515343 0.225082 0.448389 0.379636 0.750405 0.654653 -0.091022 0.005999
1724138706.548677 0.225359 0.449538 0.369148 0.752528 0.652069 -0.091964 0.007096
1724138706.582021 0.226012 0.450426 0.359990 0.753995 0.650118 -0.093580 0.009003
1724138706.615355 0.226539 0.452316 0.352114 0.755123 0.648893 -0.092841 0.010355
1724138706.648708 0.227340 0.455858 0.345964 0.754552 0.649592 -0.092513 0.011091
1724138706.682062 0.227788 0.461932 0.341612 0.752498 0.652013 -0.092201 0.011151
1724138706.715405 0.227628 0.471326 0.339264 0.750129 0.654924 -0.091106 0.008992
1724138706.748759 0.227417 0.484616 0.338642 0.747347 0.658656 -0.087373 0.003197
1724138706.782112 0.226869 0.500891 0.339726 0.743212 0.663938 -0.082532 -0.003214
1724138706.815455 0.225763 0.519782 0.342485 0.737730 0.670544 -0.077459 -0.011204
1724138706.848818 0.224330 0.540503 0.346976 0.732102 0.676977 -0.072584 -0.021442
1724138706.882181 0.222412 0.561425 0.352563 0.725043 0.684356 -0.072002 -0.028020
1724138706.915535 0.219868 0.580132 0.359482 0.714955 0.693902 -0.080475 -0.029387
1724138706.948878 0.217664 0.597697 0.366700 0.700997 0.706869 -0.090021 -0.028904
1724138706.982222 0.216342 0.614844 0.373110 0.685632 0.721561 -0.092819 -0.025376
1724138707.015540 0.216297 0.633351 0.378088 0.673029 0.734462 -0.084420 -0.021694
1724138707.048865 0.216493 0.652035 0.382983 0.662704 0.745178 -0.071552 -0.020342
1724138707.082189 0.216257 0.670196 0.388222 0.655275 0.752629 -0.060880 -0.021400
1724138707.115513 0.215862 0.687109 0.393706 0.650700 0.757068 -0.052471 -0.026178
1724138707.148828 0.215531 0.702455 0.398629 0.646454 0.760985 -0.046088 -0.029576
1724138707.182172 0.215353 0.715799 0.403130 0.642719 0.764480 -0.037998 -0.032215
1724138707.215506 0.215223 0.726805 0.407307 0.639412 0.767461 -0.028833 -0.036409
1724138707.248849 0.215112 0.735630 0.410643 0.637842 0.768805 -0.022424 -0.039926
1724138707.282183 0.214865 0.742053 0.413309 0.639059 0.767804 -0.016121 -0.042661
1724138707.315527 0.214551 0.746000 0.414896 0.640176 0.766729 -0.012468 -0.046318
1724138707.348861 0.213754 0.745720 0.415976 0.640237 0.766587 -0.011130 -0.048132
1724138707.382214 0.213556 0.742381 0.416084 0.640526 0.766323 -0.011019 -0.048526
1724138707.415558 0.212963 0.735529 0.415155 0.639912 0.766766 -0.012300 -0.049298
1724138707.448901 0.212710 0.725480 0.413023 0.640288 0.766563 -0.017523 -0.045872
1724138707.482245 0.212406 0.712487 0.410505 0.644311 0.763288 -0.022859 -0.041621
1724138707.515579 0.211549 0.697074 0.407795 0.649656 0.758578 -0.029959 -0.040120
1724138707.548913 0.210109 0.679587 0.404837 0.657339 0.751600 -0.037469 -0.039989
1724138707.582237 0.208452 0.661163 0.401618 0.668084 0.741549 -0.045859 -0.040811
1724138707.615571 0.206153 0.641587 0.398497 0.679176 0.730667 -0.053692 -0.044302
1724138707.648886 0.203601 0.620247 0.395277 0.688978 0.720694 -0.061538 -0.046080
1724138707.682211 0.200610 0.597332 0.391934 0.696979 0.712328 -0.068842 -0.045503
1724138707.715525 0.197844 0.573873 0.388399 0.703634 0.705068 -0.075839 -0.045022
1724138707.748850 0.194466 0.549628 0.384996 0.709601 0.698214 -0.083246 -0.045097
1724138707.782163 0.191531 0.525542 0.381083 0.716298 0.690465 -0.090914 -0.043709
1724138707.815478 0.189226 0.501894 0.376745 0.724399 0.681392 -0.095701 -0.042350
1724138707.848793 0.187237 0.477534 0.372221 0.731393 0.673149 -0.102078 -0.038920
1724138707.882097 0.185565 0.452989 0.367688 0.735866 0.667636 -0.108001 -0.033146
1724138707.915393 0.184045 0.428805 0.363416 0.739247 0.663306 -0.112711 -0.028895
1724138707.948698 0.182577 0.404081 0.359522 0.741062 0.660289 -0.119795 -0.022241
1724138707.982003 0.181493 0.380338 0.355811 0.742395 0.657769 -0.126392 -0.014654
1724138708.015294 0.180465 0.356962 0.352579 0.742947 0.656021 -0.132747 -0.006595
1724138708.048599 0.180110 0.334498 0.349640 0.742310 0.655038 -0.141000 0.004433
1724138708.081884 0.179739 0.314541 0.346847 0.743154 0.652834 -0.146151 0.012979
1724138708.115170 0.179310 0.296222 0.344534 0.743451 0.650524 -0.153993 0.019644
1724138708.148456 0.179363 0.279718 0.342572 0.743800 0.647518 -0.163269 0.028721
1724138708.181751 0.179030 0.266481 0.340467 0.745635 0.643589 -0.169131 0.034877
1724138708.215085 0.179342 0.254638 0.338945 0.743292 0.643493 -0.178511 0.039584
1724138708.248419 0.179896 0.245338 0.337107 0.741405 0.643986 -0.182981 0.046016
1724138708.281753 0.180366 0.239365 0.335524 0.741093 0.644134 -0.183048 0.048637
1724138708.315087 0.180461 0.235812 0.334658 0.738587 0.646603 -0.184788 0.047402
1724138708.348382 0.180518 0.235363 0.333843 0.738666 0.646741 -0.184047 0.047169
1724138708.381716 0.180257 0.238319 0.333447 0.742176 0.644169 -0.180022 0.042581
1724138708.415050 0.180916 0.244791 0.333319 0.744087 0.643751 -0.175158 0.035186
1724138708.448384 0.182676 0.253857 0.332932 0.743064 0.647093 -0.167713 0.031618
1724138708.481756 0.185178 0.266899 0.332720 0.741370 0.651297 -0.159579 0.026775
1724138708.515090 0.187978 0.284337 0.332865 0.741153 0.654427 -0.148742 0.017119
1724138708.548424 0.191163 0.306213 0.333778 0.741257 0.656616 -0.139030 0.008073
1724138708.581758 0.193796 0.330550 0.335517 0.743657 0.655057 -0.133647 0.003566
1724138708.615092 0.196403 0.357969 0.337431 0.748281 0.651093 -0.127062 -0.002861
1724138708.648464 0.199181 0.387437 0.340481 0.750479 0.649705 -0.120316 -0.013722
1724138708.681798 0.201679 0.417405 0.344587 0.748826 0.651837 -0.118007 -0.021028
1724138708.715132 0.203903 0.448738 0.348489 0.745485 0.656420 -0.111852 -0.029226
1724138708.748466 0.205460 0.479652 0.354113 0.738539 0.664854 -0.104151 -0.041021
1724138708.781810 0.206128 0.509036 0.360501 0.728129 0.675831 -0.104908 -0.045554
1724138708.815144 0.206092 0.538780 0.366501 0.718593 0.686232 -0.097994 -0.055740
1724138708.848488 0.205383 0.567799 0.373056 0.709601 0.695962 -0.088672 -0.065117
1724138708.881832 0.204717 0.593589 0.379372 0.702513 0.703604 -0.085736 -0.063767
1724138708.915175 0.203419 0.617949 0.384909 0.696340 0.710099 -0.080906 -0.065768
1724138708.948519 0.202459 0.641187 0.390082 0.689775 0.716698 -0.072327 -0.072965
1724138708.981872 0.201989 0.660380 0.394952 0.682116 0.724313 -0.067501 -0.074379
1724138709.015211 0.201258 0.677220 0.399062 0.676025 0.730417 -0.060309 -0.076442
1724138709.048555 0.200496 0.691781 0.402652 0.670361 0.735912 -0.053185 -0.078875
1724138709.081898 0.200278 0.702998 0.405582 0.665347 0.740788 -0.051240 -0.076949
1724138709.115242 0.199755 0.711225 0.408169 0.662529 0.743385 -0.049506 -0.077350
1724138709.148586 0.198818 0.716641 0.410286 0.662029 0.743567 -0.049141 -0.080068
1724138709.181929 0.197640 0.717957 0.411702 0.662956 0.742611 -0.052161 -0.079356
1724138709.215273 0.196949 0.716589 0.411931 0.663977 0.741444 -0.054641 -0.080066
1724138709.248607 0.195826 0.710677 0.411893 0.664942 0.740228 -0.057232 -0.081487
1724138709.281950 0.195264 0.701679 0.409839 0.666679 0.738509 -0.063646 -0.078062
1724138709.315284 0.194817 0.688723 0.407143 0.669759 0.735554 -0.067940 -0.075942
1724138709.348619 0.194502 0.673109 0.403228 0.674139 0.731152 -0.072814 -0.075178
1724138709.381953 0.194417 0.653911 0.398925 0.679219 0.725990 -0.080548 -0.071497
1724138709.415277 0.194558 0.633473 0.394229 0.685825 0.719135 -0.086536 -0.070715
1724138709.448600 0.194107 0.611716 0.389743 0.692985 0.711333 -0.091730 -0.073228
1724138709.481925 0.193756 0.587682 0.385526 0.699648 0.703654 -0.100325 -0.072789
1724138709.515249 0.193220 0.562141 0.381089 0.703622 0.698826 -0.109354 -0.067819
1724138709.548573 0.193098 0.536016 0.376450 0.705432 0.696664 -0.114045 -0.063400
1724138709.581897 0.192884 0.508860 0.371860 0.706448 0.695281 -0.119196 -0.057512
1724138709.615212 0.192166 0.481348 0.367245 0.707441 0.693280 -0.128648 -0.048370
1724138709.648527 0.191826 0.454465 0.362816 0.709989 0.689615 -0.136857 -0.040209
1724138709.681842 0.191445 0.428394 0.358508 0.713492 0.684992 -0.144025 -0.031181
1724138709.715147 0.190554 0.403077 0.354880 0.715789 0.680878 -0.153473 -0.022306
1724138709.748481 0.189284 0.378528 0.352085 0.716399 0.677711 -0.165164 -0.014144
1724138709.781815 0.188088 0.355765 0.349601 0.717313 0.674325 -0.175244 -0.006080
1724138709.815109 0.186807 0.334829 0.347372 0.719149 0.670041 -0.184031 0.001577
1724138709.848444 0.185907 0.315239 0.345552 0.721466 0.664795 -0.193505 0.009516
1724138709.881777 0.185321 0.298313 0.343842 0.725211 0.658833 -0.199418 0.015472
1724138709.915111 0.184920 0.282728 0.342357 0.728213 0.653723 -0.204637 0.021794
1724138709.948406 0.184858 0.268842 0.341493 0.729617 0.650090 -0.210051 0.030350
1724138709.981740 0.184874 0.257589 0.340867 0.731375 0.647026 -0.212557 0.035590
1724138710.015070 0.185109 0.248325 0.340591 0.733742 0.643285 -0.215029 0.039609
1724138710.048404 0.185722 0.241404 0.340291 0.736137 0.640086 -0.215378 0.044772
1724138710.081738 0.186831 0.237291 0.340428 0.736850 0.638903 -0.215708 0.048221
1724138710.115072 0.188114 0.236593 0.340890 0.736150 0.640194 -0.213990 0.049435
1724138710.148406 0.189372 0.240980 0.341301 0.736331 0.642078 -0.208075 0.047512
1724138710.181740 0.190866 0.250739 0.341896 0.735749 0.644667 -0.203065 0.042933
1724138710.215074 0.192779 0.264971 0.342446 0.733452 0.650389 -0.194522 0.034704
1724138710.248408 0.194601 0.284518 0.343396 0.731525 0.656316 -0.183321 0.022685
1724138710.281742 0.195847 0.308617 0.345072 0.730526 0.660517 -0.173051 0.010095
1724138710.315114 0.196815 0.336120 0.347557 0.730506 0.663287 -0.162434 -0.005063
1724138710.348449 0.197667 0.366459 0.350647 0.729766 0.666406 -0.150901 -0.023972
1724138710.381782 0.199010 0.398005 0.354507 0.725596 0.672279 -0.140496 -0.042581
1724138710.415116 0.200345 0.428792 0.358793 0.718800 0.680415 -0.132071 -0.054028
1724138710.448488 0.201482 0.459780 0.362953 0.711192 0.689428 -0.121885 -0.063558
1724138710.481822 0.202686 0.490157 0.367925 0.701681 0.699641 -0.112894 -0.073496
1724138710.515157 0.204357 0.519116 0.372919 0.691875 0.709898 -0.106270 -0.077853
1724138710.548491 0.205933 0.548243 0.377116 0.684197 0.718692 -0.094909 -0.079672
1724138710.581825 0.207147 0.576839 0.381906 0.675910 0.727736 -0.082200 -0.082400
1724138710.615159 0.208025 0.603067 0.387756 0.667384 0.736348 -0.073294 -0.083770
1724138710.648493 0.207805 0.627611 0.394202 0.659849 0.743459 -0.068097 -0.085036
1724138710.681827 0.206808 0.649756 0.401175 0.651965 0.750262 -0.066246 -0.087522
1724138710.715161 0.206497 0.669871 0.407840 0.645000 0.756349 -0.061796 -0.089956
1724138710.748494 0.205825 0.687687 0.413948 0.640734 0.760487 -0.053254 -0.091014
1724138710.781828 0.205016 0.702544 0.419617 0.638772 0.762407 -0.046455 -0.092455
1724138710.815162 0.203912 0.714442 0.424552 0.638249 0.762759 -0.039942 -0.096133
1724138710.848496 0.203162 0.722508 0.428479 0.637994 0.762895 -0.033922 -0.099016
1724138710.881839 0.203213 0.726492 0.430890 0.640055 0.761368 -0.030072 -0.098710
1724138710.915173 0.203577 0.727069 0.431662 0.645421 0.756844 -0.027517 -0.099304
1724138710.948507 0.203522 0.723756 0.430886 0.651760 0.751217 -0.029108 -0.100176
1724138710.981851 0.204445 0.715387 0.429032 0.658008 0.745764 -0.034410 -0.098369
1724138711.015191 0.205706 0.703243 0.425697 0.663546 0.741148 -0.039086 -0.094228
1724138711.048544 0.206638 0.688289 0.421228 0.666967 0.738339 -0.045206 -0.089254
1724138711.081897 0.207533 0.669857 0.416779 0.670135 0.735624 -0.053601 -0.083092
1724138711.115231 0.207982 0.649228 0.412379 0.673843 0.732299 -0.061793 -0.076526
1724138711.148565 0.206935 0.627893 0.408370 0.679612 0.726182 -0.071302 -0.075525
1724138711.181899 0.205082 0.604296 0.405188 0.687608 0.716928 -0.086813 -0.075319
1724138711.215233 0.202791 0.580034 0.401707 0.695200 0.708100 -0.100535 -0.072003
1724138711.248558 0.200900 0.555508 0.398233 0.700537 0.701703 -0.110187 -0.068697
1724138711.281882 0.198882 0.530388 0.394710 0.705381 0.695919 -0.118565 -0.063844
1724138711.315197 0.196462 0.505556 0.391194 0.711585 0.688547 -0.126865 -0.058769
1724138711.348510 0.193942 0.480648 0.388076 0.718027 0.680250 -0.137109 -0.053836
1724138711.381835 0.191678 0.456341 0.384830 0.724078 0.672344 -0.146052 -0.048299
1724138711.415169 0.189508 0.433089 0.381961 0.730143 0.664825 -0.151424 -0.044382
1724138711.448503 0.187593 0.410438 0.379300 0.734619 0.658705 -0.157636 -0.039922
1724138711.481837 0.185820 0.388779 0.377049 0.737952 0.654013 -0.162817 -0.034420
1724138711.515131 0.183617 0.368617 0.375536 0.740799 0.649641 -0.168070 -0.030578
1724138711.548465 0.181059 0.349457 0.374624 0.742427 0.645750 -0.176427 -0.026140
1724138711.581800 0.178906 0.332156 0.374124 0.742228 0.643785 -0.184833 -0.021791
1724138711.615134 0.176527 0.317064 0.373808 0.741302 0.643461 -0.190020 -0.017934
1724138711.648468 0.174036 0.304768 0.373753 0.742104 0.641780 -0.192811 -0.014965
1724138711.681801 0.171112 0.295138 0.374366 0.742537 0.640301 -0.196173 -0.013041
1724138711.715135 0.168101 0.288282 0.375746 0.741088 0.640986 -0.199337 -0.013753
1724138711.748430 0.165580 0.285050 0.377056 0.739532 0.642810 -0.199040 -0.016440
1724138711.781764 0.163679 0.285453 0.378416 0.738936 0.643895 -0.197482 -0.019332
1724138711.815098 0.162563 0.288932 0.379928 0.739028 0.643982 -0.196396 -0.023527
1724138711.848432 0.162830 0.295760 0.381353 0.739525 0.644192 -0.192638 -0.031783
1724138711.881766 0.164666 0.305075 0.382768 0.740336 0.644301 -0.187677 -0.039446
1724138711.915100 0.168077 0.315942 0.384496 0.742182 0.643166 -0.182804 -0.045679
1724138711.948434 0.173483 0.327924 0.386433 0.742645 0.643728 -0.176471 -0.054328
1724138711.981807 0.181309 0.340355 0.388491 0.740028 0.648242 -0.168438 -0.061394
1724138712.015137 0.191156 0.352571 0.390601 0.738035 0.652613 -0.159106 -0.063922
1724138712.048471 0.202647 0.365249 0.393159 0.739617 0.652929 -0.149556 -0.065442
1724138712.081805 0.215414 0.377507 0.396437 0.741418 0.652240 -0.142938 -0.066722
1724138712.115139 0.229606 0.389078 0.400070 0.742910 0.651795 -0.136468 -0.068006
1724138712.148473 0.245066 0.400056 0.403806 0.743196 0.653271 -0.128065 -0.067050
1724138712.181846 0.261575 0.409909 0.407735 0.742237 0.656013 -0.122222 -0.061592
1724138712.215180 0.278712 0.418421 0.411601 0.740948 0.658963 -0.116471 -0.056552
1724138712.248514 0.296546 0.425906 0.415407 0.739100 0.662296 -0.111324 -0.051978
1724138712.281848 0.314127 0.431568 0.419453 0.737031 0.665527 -0.109238 -0.043887
1724138712.315181 0.332168 0.437169 0.422569 0.736950 0.667503 -0.099732 -0.037389
1724138712.348515 0.350507 0.442006 0.424940 0.739395 0.666873 -0.088369 -0.027678
1724138712.381858 0.367798 0.444873 0.427387 0.743196 0.663861 -0.081926 -0.015405
1724138712.415202 0.384289 0.446599 0.429668 0.746864 0.660501 -0.076691 -0.007155
1724138712.448565 0.399974 0.446888 0.431348 0.750513 0.656903 -0.072110 0.002911
1724138712.481928 0.415204 0.445897 0.432689 0.753832 0.653372 -0.067616 0.016447
1724138712.515301 0.429663 0.443968 0.433788 0.754750 0.652487 -0.062053 0.027616
1724138712.548683 0.442846 0.441411 0.434914 0.754389 0.652722 -0.057361 0.039520
1724138712.582065 0.453979 0.438436 0.436144 0.756530 0.649753 -0.052554 0.052168
1724138712.615447 0.462355 0.436070 0.437557 0.759397 0.646124 -0.047508 0.059856
1724138712.648839 0.467794 0.433728 0.439050 0.762479 0.642042 -0.044441 0.066582
1724138712.682230 0.469231 0.432164 0.440248 0.766767 0.636594 -0.040797 0.071784
1724138712.715622 0.465776 0.430886 0.441554 0.769116 0.633911 -0.039606 0.071052
1724138712.749014 0.458343 0.430352 0.442580 0.767345 0.636139 -0.044372 0.067381
1724138712.782397 0.447185 0.430412 0.443079 0.762586 0.641979 -0.049560 0.062199
1724138712.815769 0.432905 0.431531 0.442834 0.756637 0.649158 -0.054545 0.055843
1724138712.849123 0.415269 0.434174 0.442344 0.750552 0.656353 -0.062185 0.044785
1724138712.882476 0.394515 0.437668 0.441635 0.745123 0.662109 -0.073287 0.032126
1724138712.915810 0.371290 0.441387 0.440750 0.740221 0.666825 -0.083753 0.020059
1724138712.949124 0.346388 0.445492 0.439719 0.734994 0.671485 -0.094050 0.006752
1724138712.982438 0.320436 0.448704 0.438418 0.728737 0.676413 -0.106751 -0.003443
1724138713.015731 0.294717 0.451358 0.436704 0.724948 0.678583 -0.117766 -0.010296
1724138713.049016 0.269076 0.454447 0.434506 0.723128 0.678948 -0.125287 -0.020465
1724138713.082292 0.244644 0.456592 0.431634 0.721268 0.679246 -0.133336 -0.024886
1724138713.115578 0.221283 0.457629 0.428183 0.721119 0.677973 -0.140419 -0.024958
1724138713.148845 0.198185 0.459134 0.424830 0.721900 0.675736 -0.145648 -0.032064
1724138713.182121 0.176841 0.459423 0.421621 0.722128 0.673439 -0.154409 -0.034193
1724138713.215397 0.156342 0.458374 0.418109 0.721359 0.672754 -0.161774 -0.029536
1724138713.248673 0.136305 0.458515 0.414528 0.721341 0.671785 -0.165217 -0.032789
1724138713.281929 0.117914 0.458398 0.410676 0.721697 0.670068 -0.170195 -0.034588
1724138713.315195 0.100157 0.457620 0.406697 0.722971 0.667887 -0.173654 -0.032934
1724138713.348490 0.082391 0.457460 0.403431 0.723721 0.665957 -0.176836 -0.038174
1724138713.381824 0.066486 0.456993 0.400876 0.721674 0.666597 -0.181632 -0.042949
1724138713.415158 0.051493 0.456022 0.398680 0.718791 0.668986 -0.183705 -0.045276
1724138713.448492 0.037968 0.455367 0.397594 0.715247 0.671365 -0.187554 -0.050143
1724138713.481826 0.026911 0.454320 0.397143 0.710328 0.675214 -0.191355 -0.053882
1724138713.515160 0.017956 0.453048 0.397092 0.705705 0.679370 -0.193486 -0.054776
1724138713.548455 0.011342 0.452376 0.397656 0.701756 0.682346 -0.196844 -0.056523
1724138713.581788 0.007558 0.451876 0.398132 0.700262 0.683446 -0.197798 -0.058397
1724138713.615122 0.006581 0.451367 0.398518 0.699875 0.683976 -0.197319 -0.058464
1724138713.648456 0.009028 0.450194 0.398994 0.698730 0.685059 -0.198450 -0.055571
1724138713.681790 0.014659 0.449143 0.398799 0.698625 0.686718 -0.194537 -0.049965
1724138713.715124 0.023008 0.448315 0.398521 0.699775 0.687777 -0.187951 -0.044189
1724138713.748458 0.033719 0.447155 0.398820 0.701443 0.687626 -0.183778 -0.037061
1724138713.781792 0.046643 0.446330 0.399235 0.704832 0.686578 -0.176044 -0.028829
1724138713.815126 0.061021 0.445865 0.399994 0.708384 0.685508 -0.166738 -0.021673
1724138713.848460 0.077125 0.445075 0.401635 0.709243 0.686176 -0.161069 -0.013906
1724138713.881793 0.094438 0.444874 0.403094 0.709945 0.687605 -0.152122 -0.006053
1724138713.915127 0.112984 0.444798 0.404737 0.709961 0.690008 -0.140857 0.002075
1724138713.948500 0.132309 0.444763 0.406668 0.709659 0.692117 -0.131296 0.010913
1724138713.981834 0.151549 0.445282 0.408865 0.710311 0.693002 -0.121932 0.018435
1724138714.015165 0.171072 0.445636 0.411199 0.710112 0.694502 -0.113057 0.025025
1724138714.048538 0.190869 0.446311 0.413492 0.708804 0.697004 -0.103691 0.032108
1724138714.081872 0.210495 0.446909 0.415745 0.707429 0.699529 -0.093058 0.039290
1724138714.115206 0.230093 0.447304 0.418001 0.703807 0.703838 -0.084993 0.045208
1724138714.148540 0.249791 0.447747 0.419809 0.700983 0.707330 -0.075844 0.050547
1724138714.181874 0.269998 0.448210 0.421295 0.700658 0.707845 -0.063933 0.062815
1724138714.215217 0.289024 0.449007 0.423204 0.701315 0.707106 -0.052602 0.073419
1724138714.248560 0.306193 0.449936 0.425634 0.704076 0.704423 -0.046290 0.076955
1724138714.281923 0.322778 0.450977 0.427399 0.711515 0.696933 -0.037879 0.081215
1724138714.315296 0.338376 0.451224 0.428773 0.717640 0.690092 -0.030654 0.088466
1724138714.348677 0.353384 0.450197 0.430230 0.718922 0.688124 -0.026690 0.094472
1724138714.382070 0.367610 0.448862 0.431157 0.718004 0.688574 -0.020117 0.099654
1724138714.415462 0.380094 0.446907 0.432082 0.717423 0.688141 -0.015898 0.107302
1724138714.448853 0.390217 0.445005 0.433032 0.718719 0.686125 -0.012875 0.111851
1724138714.482255 0.398025 0.443521 0.434044 0.720145 0.684266 -0.011705 0.114170
1724138714.515638 0.403402 0.441733 0.435166 0.721037 0.682955 -0.013185 0.116213
1724138714.549029 0.406364 0.440575 0.436005 0.722078 0.681966 -0.014255 0.115420
1724138714.582411 0.407185 0.439981 0.436359 0.722621 0.681455 -0.014988 0.114953
1724138714.615793 0.405106 0.439694 0.436296 0.722352 0.682049 -0.016069 0.112952
1724138714.649166 0.399647 0.439876 0.435987 0.723107 0.681993 -0.019871 0.107740
1724138714.682529 0.390454 0.440905 0.435317 0.724209 0.681856 -0.025414 0.099738
1724138714.715892 0.378089 0.442071 0.434383 0.723321 0.683970 -0.033672 0.088648
1724138714.749255 0.363374 0.443375 0.432930 0.720320 0.687745 -0.043701 0.078966
1724138714.782598 0.347158 0.445084 0.431048 0.717268 0.691221 -0.053317 0.069978
1724138714.815933 0.329005 0.447640 0.428863 0.714942 0.693903 -0.063214 0.057970
1724138714.849256 0.309997 0.449951 0.426490 0.714675 0.693801 -0.074582 0.048142
1724138714.882571 0.290882 0.451907 0.423478 0.717567 0.689867 -0.084871 0.044467
1724138714.915876 0.271041 0.454034 0.420354 0.718877 0.687569 -0.095615 0.036375
1724138714.949161 0.251552 0.455477 0.417763 0.716891 0.687904 -0.109839 0.028127
1724138714.982457 0.232712 0.456783 0.414591 0.715627 0.687734 -0.118851 0.027834
1724138715.015739 0.212884 0.458978 0.411452 0.715381 0.687198 -0.124083 0.024344
1724138715.049025 0.193107 0.461437 0.409094 0.714868 0.686394 -0.132781 0.014028
1724138715.082301 0.173844 0.464122 0.406718 0.715332 0.684556 -0.140190 0.005452
1724138715.115587 0.154965 0.466457 0.404338 0.717737 0.681009 -0.145187 0.001337
1724138715.148863 0.137403 0.467412 0.402388 0.719267 0.678108 -0.151079 0.000641
1724138715.182120 0.121458 0.467432 0.400802 0.717347 0.679052 -0.155890 0.000689
1724138715.215396 0.107792 0.466514 0.399681 0.712460 0.682961 -0.161080 0.004164
1724138715.248672 0.095376 0.465867 0.399199 0.707299 0.687425 -0.164684 0.007311
1724138715.281936 0.084095 0.466389 0.399336 0.705460 0.688785 -0.166937 0.005708
1724138715.315223 0.074404 0.467040 0.399854 0.705281 0.688478 -0.168794 0.009225
1724138715.348517 0.065526 0.468350 0.400901 0.705556 0.688208 -0.168480 0.013222
1724138715.381813 0.057847 0.470092 0.402663 0.704118 0.689840 -0.167653 0.015186
1724138715.415147 0.051081 0.472210 0.404537 0.701963 0.692673 -0.164681 0.018247
1724138715.448481 0.045210 0.474655 0.406841 0.700209 0.694824 -0.162603 0.022083
1724138715.481815 0.040108 0.477867 0.409372 0.699929 0.695586 -0.160054 0.025369
1724138715.515149 0.035285 0.480928 0.412467 0.699157 0.696232 -0.159932 0.029368
1724138715.548482 0.031343 0.483037 0.416277 0.696265 0.697896 -0.164127 0.034914
1724138715.581816 0.028022 0.485624 0.419633 0.695182 0.698491 -0.165136 0.039518
1724138715.615150 0.025690 0.487203 0.423525 0.692496 0.699522 -0.169693 0.048183
1724138715.648484 0.024183 0.488051 0.427755 0.689139 0.699810 -0.177813 0.061123
1724138715.681818 0.023674 0.490079 0.431170 0.687568 0.700042 -0.180275 0.068503
1724138715.715152 0.024638 0.490914 0.434989 0.679666 0.704988 -0.185369 0.081760
1724138715.748438 0.026700 0.491283 0.438743 0.671396 0.709127 -0.189729 0.101832
1724138715.781772 0.028517 0.493056 0.442235 0.669625 0.708189 -0.192390 0.114265
1724138715.815105 0.031202 0.494602 0.445864 0.663951 0.709722 -0.200454 0.123625
1724138715.848439 0.035227 0.495250 0.448532 0.654954 0.714612 -0.203143 0.138192
1724138715.881773 0.038483 0.496929 0.449567 0.650207 0.717436 -0.198792 0.151653
1724138715.915068 0.040240 0.500496 0.449994 0.651463 0.716228 -0.197060 0.154210
1724138715.948402 0.043407 0.503828 0.448828 0.649910 0.719287 -0.187596 0.158277
1724138715.981736 0.046455 0.507711 0.446549 0.647597 0.724915 -0.175968 0.155407
1724138716.015106 0.048280 0.510626 0.443943 0.643891 0.732579 -0.163076 0.148793
1724138716.048440 0.050341 0.512301 0.442108 0.639830 0.739323 -0.151862 0.144762
1724138716.081774 0.052405 0.512766 0.440150 0.637232 0.744011 -0.141364 0.142827
1724138716.115108 0.054601 0.511027 0.438120 0.634535 0.746669 -0.136181 0.145965
1724138716.148490 0.056868 0.506971 0.436506 0.634557 0.744910 -0.137543 0.153389
1724138716.181824 0.059011 0.500887 0.434998 0.639299 0.737579 -0.140683 0.165777
1724138716.215158 0.059787 0.494166 0.432062 0.654256 0.724660 -0.140287 0.164730
1724138716.248492 0.060012 0.486710 0.428113 0.672111 0.709800 -0.139456 0.158123
1724138716.281825 0.060446 0.477353 0.424871 0.681612 0.699233 -0.144995 0.159549
1724138716.315159 0.061519 0.468563 0.421573 0.686931 0.692520 -0.147992 0.163221
1724138716.348493 0.063062 0.461391 0.418018 0.689175 0.689883 -0.145975 0.166706
1724138716.381827 0.064576 0.455754 0.414109 0.690119 0.688958 -0.143556 0.168716
1724138716.415161 0.066120 0.451739 0.409818 0.693031 0.686890 -0.140089 0.168123
1724138716.448495 0.067939 0.449027 0.405440 0.695394 0.685870 -0.136801 0.165213
1724138716.481829 0.070413 0.447684 0.400588 0.697549 0.686375 -0.129562 0.159774
1724138716.515162 0.073217 0.446821 0.395848 0.698385 0.686835 -0.123323 0.159082
1724138716.548496 0.075632 0.445809 0.391185 0.703404 0.682832 -0.118275 0.158036
1724138716.581869 0.077420 0.443632 0.386938 0.705652 0.678756 -0.118151 0.165486
1724138716.615203 0.080467 0.441615 0.383360 0.702229 0.679232 -0.119219 0.176933
1724138716.648537 0.083182 0.441001 0.378926 0.699967 0.680075 -0.116394 0.184382
1724138716.681871 0.084982 0.440012 0.375745 0.696687 0.677955 -0.127448 0.196877
1724138716.715205 0.085923 0.440475 0.373539 0.698695 0.669199 -0.141471 0.209724
1724138716.748500 0.086101 0.442563 0.371978 0.701636 0.658994 -0.151804 0.224478
1724138716.781833 0.086052 0.446554 0.371683 0.703596 0.648901 -0.161469 0.240432
1724138716.815167 0.086144 0.451964 0.373080 0.702528 0.638862 -0.172071 0.262109
1724138716.848501 0.086734 0.457861 0.375794 0.698245 0.631056 -0.185006 0.282835
1724138716.881835 0.086221 0.464853 0.377520 0.696888 0.625259 -0.194122 0.292771
1724138716.915169 0.085447 0.473171 0.378192 0.696586 0.621754 -0.200496 0.296631
1724138716.948503 0.084235 0.483312 0.377699 0.697337 0.621717 -0.203451 0.292911
1724138716.981837 0.082304 0.495058 0.376837 0.702221 0.622843 -0.200737 0.280460
1724138717.015168 0.079297 0.508685 0.375105 0.707710 0.629680 -0.188043 0.259403
1724138717.048502 0.076282 0.525588 0.371860 0.712314 0.643019 -0.163491 0.228921
1724138717.081836 0.073573 0.542911 0.368770 0.714245 0.658573 -0.132079 0.196701
1724138717.115170 0.070529 0.558620 0.366712 0.713972 0.671602 -0.102007 0.169675
1724138717.148543 0.067369 0.573762 0.365537 0.709969 0.686208 -0.070815 0.141594
1724138717.181877 0.063565 0.588987 0.363920 0.704359 0.700161 -0.035047 0.111467
1724138717.215211 0.060172 0.605125 0.362892 0.698745 0.710457 -0.000014 0.083699
1724138717.248583 0.055910 0.617726 0.363119 0.690254 0.720595 0.026799 0.059782
1724138717.281917 0.052049 0.628036 0.363013 0.681391 0.729160 0.049994 0.039142
1724138717.315251 0.048297 0.637190 0.362308 0.673264 0.735404 0.075341 0.014875
1724138717.348585 0.044042 0.644275 0.361616 0.667318 0.738166 0.098565 -0.009071
1724138717.381928 0.040823 0.650196 0.361091 0.664026 0.737366 0.119986 -0.031070
1724138717.415272 0.038660 0.654136 0.360440 0.662656 0.734773 0.137660 -0.045212
1724138717.448635 0.037413 0.655685 0.358615 0.661807 0.732144 0.153050 -0.050516
1724138717.481998 0.038517 0.655764 0.357451 0.661059 0.730253 0.165056 -0.049886
1724138717.515360 0.040971 0.653228 0.355757 0.658105 0.731366 0.173782 -0.042436
1724138717.548733 0.044947 0.649260 0.353945 0.651664 0.735640 0.182059 -0.031991
1724138717.582105 0.050178 0.642786 0.351873 0.643401 0.742563 0.185560 -0.014254
1724138717.615468 0.055627 0.632216 0.348968 0.635635 0.750497 0.180293 0.014705
1724138717.682214 0.062876 0.599551 0.345596 0.632288 0.757337 0.135493 0.091076
1724138717.715567 0.064169 0.581503 0.345001 0.634616 0.756141 0.099612 0.124865
1724138717.748919 0.062930 0.565641 0.344494 0.639241 0.751475 0.060121 0.151793
1724138717.782244 0.059450 0.550568 0.343288 0.645195 0.744905 0.023145 0.168238
1724138717.815539 0.055183 0.536386 0.342436 0.652877 0.736056 -0.011726 0.178427
1724138717.848834 0.049661 0.523685 0.341637 0.660062 0.727327 -0.043193 0.182889
1724138717.882101 0.042327 0.512806 0.340080 0.665572 0.720444 -0.070762 0.181569
1724138717.915366 0.033241 0.503763 0.338077 0.672616 0.712881 -0.095230 0.174124
1724138717.948624 0.023005 0.496806 0.335369 0.682151 0.703191 -0.117176 0.162670
1724138717.981889 0.012105 0.492633 0.331609 0.692734 0.694359 -0.133121 0.142353
1724138718.015182 -0.000760 0.492117 0.325641 0.704451 0.687406 -0.138021 0.110328
1724138718.048516 -0.012666 0.494517 0.319601 0.715621 0.680499 -0.138437 0.075119
1724138718.081850 -0.022636 0.499285 0.314128 0.723345 0.676376 -0.133672 0.037683
1724138718.115184 -0.031632 0.507893 0.306812 0.728079 0.675306 -0.117733 -0.001466
1724138718.148518 -0.038842 0.518972 0.300412 0.728804 0.676576 -0.098532 -0.037168
1724138718.181852 -0.043665 0.530927 0.295732 0.725849 0.679863 -0.080835 -0.066294
1724138718.215186 -0.047805 0.543866 0.291047 0.720943 0.684439 -0.059458 -0.090828
1724138718.748692 0.055544 0.668295 0.297564 0.667757 0.735055 0.117274 -0.006449
1724138718.782044 0.064153 0.656351 0.300658 0.671221 0.734115 0.099771 0.024133
1724138718.815378 0.071877 0.642476 0.302892 0.673584 0.732643 0.080135 0.055653
1724138718.882018 0.082043 0.608135 0.308070 0.679442 0.723080 0.026477 0.121704
1724138718.915323 0.084498 0.590068 0.310969 0.683740 0.714025 -0.002987 0.150529
1724138718.948627 0.085713 0.571755 0.313090 0.686716 0.704611 -0.031118 0.175999
1724138718.981942 0.084872 0.554071 0.314815 0.689989 0.692785 -0.059927 0.200932
1724138719.015235 0.083406 0.536646 0.316973 0.692309 0.682322 -0.086884 0.218165
1724138719.048569 0.080930 0.519546 0.318652 0.691782 0.673953 -0.113977 0.232883
1724138719.081903 0.078674 0.502970 0.321580 0.688103 0.666392 -0.143390 0.248747
1724138719.115237 0.075344 0.488772 0.323845 0.683515 0.661257 -0.166939 0.260149
1724138719.148532 0.071267 0.477750 0.323162 0.680638 0.660949 -0.180244 0.259597
1724138719.181866 0.065942 0.469515 0.320925 0.680539 0.663455 -0.186675 0.248690
1724138719.215152 0.059516 0.464565 0.318039 0.682996 0.665863 -0.191428 0.231296
1724138719.248485 0.051567 0.462753 0.314365 0.688738 0.667025 -0.194012 0.207548
1724138719.281819 0.042654 0.464504 0.309099 0.697875 0.668113 -0.188085 0.176690
1724138719.315152 0.033278 0.469007 0.302903 0.707687 0.670653 -0.172520 0.140144
1724138719.348486 0.024548 0.476462 0.297361 0.717647 0.671347 -0.153783 0.103089
1724138719.381869 0.016512 0.487309 0.292096 0.725000 0.672466 -0.133800 0.065290
1724138719.415203 0.009659 0.500050 0.288564 0.729160 0.674499 -0.112625 0.026318
1724138719.448537 0.003884 0.514885 0.286334 0.731188 0.675762 -0.092899 -0.008919
1724138719.481870 -0.000323 0.529426 0.286061 0.729815 0.678204 -0.075241 -0.041813
1724138719.515243 -0.003291 0.547681 0.285070 0.726173 0.681469 -0.050313 -0.075774
1724138719.848650 0.058646 0.686827 0.313676 0.672149 0.703048 0.152846 -0.174865
1724138720.182083 0.161634 0.559439 0.340109 0.710456 0.661143 -0.078886 0.227860
1724138720.215388 0.164866 0.540696 0.345065 0.706749 0.648359 -0.112322 0.259846
1724138720.248682 0.166756 0.523194 0.348931 0.700284 0.635873 -0.141761 0.291842
1724138720.281968 0.169567 0.507772 0.354444 0.693496 0.627738 -0.165681 0.312343
1724138720.315293 0.172742 0.498182 0.356218 0.689911 0.627818 -0.176516 0.314181
1724138720.348588 0.176617 0.491469 0.354172 0.688230 0.637754 -0.169924 0.301223
1724138720.381922 0.180311 0.488189 0.349637 0.689596 0.650823 -0.153058 0.278315
1724138720.415256 0.184647 0.488697 0.343427 0.689000 0.670307 -0.127289 0.244470
1724138720.448590 0.189035 0.492558 0.337143 0.685966 0.691543 -0.098101 0.203947
1724138720.481923 0.190364 0.499064 0.332118 0.684906 0.707006 -0.067722 0.162662
1724138720.515257 0.191536 0.506295 0.328937 0.682209 0.720020 -0.040857 0.120384
1724138720.548591 0.190775 0.514560 0.326382 0.680608 0.727876 -0.015818 0.081970
1724138720.581964 0.189629 0.523831 0.324724 0.681567 0.730354 0.010949 0.043926
1724138720.615298 0.187506 0.533396 0.323933 0.681448 0.730733 0.040523 0.003823
1724138720.648632 0.185485 0.544700 0.324284 0.680638 0.727999 0.073085 -0.037516
1724138720.681966 0.183550 0.556045 0.326043 0.678997 0.723508 0.100687 -0.073224
1724138720.715308 0.181629 0.566012 0.328550 0.676497 0.718115 0.125378 -0.104612
1724138720.748662 0.180702 0.576473 0.331896 0.672518 0.711797 0.151350 -0.134753
1724138720.782034 0.179209 0.587708 0.335713 0.665134 0.705781 0.180127 -0.164393
1724138720.815397 0.178099 0.597402 0.341187 0.657974 0.698311 0.206286 -0.192037
1724138720.848770 0.177536 0.605789 0.346068 0.651075 0.694750 0.221899 -0.210201
1724138720.882143 0.176431 0.616095 0.350627 0.643440 0.690348 0.239123 -0.228528
1724138720.915515 0.175820 0.625568 0.356344 0.637202 0.685905 0.251453 -0.245519
1724138720.948887 0.175722 0.634951 0.361529 0.632267 0.682481 0.260645 -0.257920
1724138720.982240 0.175577 0.642457 0.366653 0.625985 0.679908 0.270481 -0.269646
1724138721.115680 0.180064 0.654605 0.373731 0.617656 0.694931 0.266460 -0.254108
1724138721.249083 0.192233 0.613587 0.358495 0.660696 0.722723 0.162990 -0.120778
1724138721.282427 0.194433 0.598835 0.355769 0.673311 0.721448 0.134594 -0.089718
1724138721.315760 0.196501 0.583649 0.354223 0.686256 0.718564 0.099021 -0.053977
1724138721.349085 0.198000 0.568696 0.352804 0.696938 0.713753 0.066512 -0.020258
1724138721.382409 0.199458 0.553081 0.352304 0.707183 0.706115 0.034023 0.011697
1724138721.415724 0.200282 0.535963 0.353171 0.714305 0.698175 -0.002640 0.048100
1724138721.515589 0.203834 0.478960 0.365120 0.719102 0.658747 -0.127141 0.181051
1724138721.548866 0.204332 0.463067 0.369700 0.713171 0.645959 -0.159950 0.220316
1724138721.582113 0.204542 0.447222 0.374426 0.707160 0.633500 -0.185949 0.253032
1724138721.615360 0.204914 0.433898 0.379383 0.700143 0.623400 -0.211108 0.276778
1724138721.648607 0.203173 0.422244 0.383408 0.696174 0.613064 -0.230841 0.293610
1724138721.681901 0.201072 0.412725 0.386522 0.694117 0.602896 -0.247706 0.305547
1724138721.715187 0.199769 0.405347 0.388633 0.693179 0.596460 -0.259928 0.310122
1724138721.748521 0.198339 0.399952 0.389880 0.694967 0.593118 -0.265513 0.307791
1724138721.781855 0.197613 0.398192 0.388256 0.699707 0.598029 -0.259447 0.292333
1724138721.815189 0.197532 0.399680 0.383596 0.707076 0.610525 -0.238435 0.265425
1724138721.848523 0.197311 0.405546 0.377842 0.714598 0.622814 -0.213420 0.236440
1724138721.881857 0.197204 0.414330 0.371709 0.721034 0.634929 -0.187390 0.204597
1724138721.915190 0.197442 0.426105 0.366155 0.725833 0.647501 -0.158319 0.169836
1724138721.948572 0.196058 0.438649 0.360752 0.725778 0.662211 -0.127521 0.135876
1724138721.981906 0.194255 0.451986 0.356923 0.722624 0.676278 -0.099133 0.103126
1724138722.015277 0.192409 0.467240 0.353364 0.716805 0.689888 -0.071165 0.071976
1724138722.048611 0.189404 0.483660 0.349893 0.710888 0.701214 -0.037918 0.038734
1724138722.115318 0.182096 0.521753 0.345692 0.696677 0.715248 0.039516 -0.038743
1724138722.148652 0.178922 0.541450 0.346262 0.691553 0.714209 0.076759 -0.075950
1724138722.181986 0.174759 0.561442 0.348181 0.686446 0.710842 0.108334 -0.108437
1724138722.215329 0.170373 0.578219 0.351443 0.682994 0.704601 0.135949 -0.136288
1724138722.248682 0.166425 0.591997 0.355107 0.680568 0.697926 0.157603 -0.157756
1724138722.282035 0.162643 0.603574 0.358389 0.677549 0.693091 0.174747 -0.173251
1724138722.315408 0.158705 0.614311 0.361508 0.673998 0.688046 0.193369 -0.186888
1724138722.348771 0.155170 0.624348 0.364840 0.669555 0.683544 0.211161 -0.199688
1724138722.382143 0.151884 0.631982 0.368183 0.664718 0.681001 0.224840 -0.209367
1724138722.415515 0.148625 0.638262 0.370752 0.660962 0.678271 0.236288 -0.217359
1724138722.448878 0.145695 0.642197 0.372749 0.658351 0.676108 0.243859 -0.223573
1724138722.482241 0.142622 0.642911 0.372783 0.660310 0.677298 0.238574 -0.219865
1724138722.515604 0.139708 0.640107 0.371251 0.666502 0.680260 0.222014 -0.209121
1724138722.548966 0.137510 0.633591 0.368138 0.674284 0.684750 0.198879 -0.192107
1724138722.582320 0.135016 0.625447 0.363240 0.683598 0.689583 0.171578 -0.166523
1724138722.615664 0.134487 0.613932 0.360280 0.692448 0.694845 0.138159 -0.136447
1724138722.649007 0.133684 0.602363 0.357467 0.697232 0.699452 0.113928 -0.107959
1724138722.682331 0.133226 0.592779 0.354916 0.699434 0.702756 0.101151 -0.081815
1724138722.715664 0.133304 0.584491 0.353071 0.700014 0.705582 0.095676 -0.054603
1724138722.748980 0.133482 0.577288 0.351478 0.700351 0.707096 0.093948 -0.026430
1724138722.782294 0.134001 0.569453 0.350740 0.702826 0.705275 0.092786 0.003513
1724138722.815619 0.134565 0.561894 0.350279 0.704842 0.702501 0.092076 0.034804
1724138722.848943 0.135350 0.554328 0.350313 0.707716 0.697421 0.093370 0.063434
1724138722.882257 0.136406 0.547317 0.350672 0.712580 0.689225 0.094969 0.090441
1724138722.915600 0.137371 0.539829 0.351359 0.715439 0.680980 0.099221 0.120696
1724138722.948934 0.138220 0.533615 0.352085 0.717175 0.671579 0.109241 0.150691
1724138722.982268 0.138573 0.528424 0.353279 0.720762 0.659149 0.122405 0.176187
1724138723.015610 0.138371 0.523625 0.355464 0.724818 0.644591 0.136899 0.200998
1724138723.048963 0.137949 0.519954 0.357708 0.727546 0.629620 0.154548 0.224430
1724138723.082326 0.137055 0.516830 0.359362 0.729218 0.615629 0.170966 0.244974
1724138723.115689 0.135723 0.513688 0.361501 0.729804 0.602686 0.184438 0.264837
1724138723.149052 0.134582 0.510868 0.364149 0.729027 0.591545 0.198895 0.281131
1724138723.182415 0.133167 0.508335 0.366798 0.728561 0.581417 0.208935 0.295802
1724138723.215796 0.131726 0.505685 0.369003 0.728601 0.573771 0.214740 0.306290
1724138723.249169 0.130559 0.503684 0.370268 0.728059 0.569983 0.220295 0.310677
1724138723.282542 0.129535 0.502261 0.370684 0.728905 0.567366 0.222703 0.311764
1724138723.315914 0.128356 0.500531 0.370413 0.730851 0.566517 0.219850 0.310775
1724138723.349287 0.127184 0.498978 0.369658 0.733690 0.568213 0.212207 0.306270
1724138723.382650 0.126183 0.497538 0.368663 0.737013 0.572279 0.200775 0.298326
1724138723.416013 0.125317 0.496052 0.367827 0.739993 0.578139 0.186236 0.288933
1724138723.449375 0.124623 0.494517 0.366804 0.742189 0.584771 0.166976 0.281635
1724138723.482728 0.123889 0.493273 0.365444 0.743514 0.593215 0.145379 0.272301
1724138723.516082 0.123551 0.492795 0.364734 0.746188 0.601349 0.125568 0.256546
1724138723.549416 0.123722 0.494581 0.362823 0.748219 0.611315 0.110531 0.232906
1724138723.582740 0.123779 0.497960 0.360657 0.751501 0.620368 0.094686 0.203527
1724138723.616064 0.122973 0.502153 0.358353 0.759257 0.622862 0.074737 0.173166
1724138723.649379 0.121231 0.504863 0.357420 0.766619 0.623970 0.044359 0.144878
1724138723.682693 0.119924 0.506288 0.359111 0.770975 0.625315 0.007289 0.120518
1724138723.715988 0.120340 0.507238 0.360965 0.772097 0.627331 -0.026165 0.098171
1724138723.749274 0.122197 0.508169 0.362748 0.768210 0.633418 -0.054384 0.075344
1724138723.782550 0.123758 0.509643 0.364269 0.760603 0.642482 -0.078181 0.050875
1724138723.815816 0.126116 0.511337 0.365866 0.751038 0.652105 -0.100378 0.025007
1724138723.849082 0.129050 0.511793 0.368600 0.739726 0.661377 -0.123990 0.003564
1724138723.882329 0.131936 0.511734 0.371408 0.726927 0.670306 -0.148506 -0.014625
1724138723.915595 0.135471 0.510861 0.374068 0.712216 0.680433 -0.169701 -0.030997
1724138723.948852 0.138952 0.510373 0.376020 0.698061 0.689889 -0.186139 -0.046012
1724138723.982117 0.141957 0.510437 0.377327 0.686099 0.696861 -0.198931 -0.063868
1724138724.015382 0.144986 0.510832 0.378186 0.677298 0.700575 -0.209871 -0.080100
1724138724.048677 0.147960 0.510780 0.379165 0.669291 0.702965 -0.220921 -0.095309
1724138724.081973 0.150633 0.510662 0.380365 0.664294 0.702074 -0.231287 -0.110956
1724138724.115307 0.153286 0.510066 0.381364 0.660477 0.700522 -0.240556 -0.123177
1724138724.148641 0.156163 0.509008 0.382315 0.657188 0.698891 -0.249255 -0.132392
1724138724.181975 0.159310 0.508690 0.382261 0.656760 0.696613 -0.253172 -0.138927
1724138724.215308 0.162186 0.508471 0.381403 0.656525 0.696478 -0.252302 -0.142258
1724138724.248642 0.164311 0.508656 0.380146 0.658282 0.696402 -0.247210 -0.143444
1724138724.281976 0.166534 0.509488 0.378535 0.662094 0.695182 -0.239961 -0.144127
1724138724.315310 0.169348 0.510108 0.376824 0.666757 0.694102 -0.231641 -0.141419
1724138724.348644 0.172020 0.510717 0.374573 0.673219 0.693048 -0.220251 -0.133980
1724138724.381978 0.175345 0.511160 0.371955 0.680658 0.692117 -0.205634 -0.124070
1724138724.415312 0.179536 0.511114 0.369343 0.688045 0.691592 -0.189623 -0.111073
1724138724.448645 0.184103 0.511070 0.366606 0.696279 0.690579 -0.171130 -0.094927
1724138724.481979 0.189100 0.511881 0.363884 0.706451 0.687259 -0.149540 -0.078995
1724138724.515352 0.194330 0.513163 0.361176 0.716142 0.684162 -0.122839 -0.063037
1724138724.548686 0.199210 0.514592 0.359013 0.725174 0.680339 -0.096527 -0.044097
1724138724.582020 0.203391 0.516397 0.357964 0.735031 0.673787 -0.071290 -0.025653
1724138724.615354 0.208115 0.519114 0.357145 0.743343 0.667558 -0.041349 -0.009942
1724138724.648687 0.212936 0.521775 0.356690 0.748432 0.663117 -0.008554 0.007252
1724138724.682021 0.217805 0.523746 0.357481 0.751836 0.658375 0.023085 0.027407
1724138724.715364 0.222567 0.525696 0.358733 0.752309 0.654594 0.056424 0.048529
1724138724.748727 0.227254 0.527191 0.360941 0.750108 0.651554 0.089148 0.069772
1724138724.782099 0.231247 0.528021 0.364262 0.746937 0.647640 0.118798 0.092379
1724138724.815482 0.234921 0.527806 0.368309 0.743146 0.642033 0.146641 0.118423
1724138724.848884 0.237793 0.526864 0.372595 0.740578 0.632559 0.169170 0.150980
1724138724.882285 0.239911 0.525287 0.377545 0.737292 0.621907 0.194866 0.177928
1724138724.915686 0.241300 0.523738 0.383099 0.731632 0.612087 0.221036 0.202995
1724138724.949097 0.242363 0.522357 0.389203 0.725792 0.601284 0.243630 0.228751
1724138724.982509 0.241805 0.520233 0.395084 0.721115 0.588568 0.264962 0.251745
1724138725.015918 0.240506 0.517787 0.401110 0.715507 0.578337 0.283043 0.271040
1724138725.049349 0.238967 0.514496 0.407246 0.711037 0.568833 0.295345 0.289183
1724138725.082760 0.236789 0.511494 0.413205 0.706078 0.560371 0.307136 0.305131
1724138725.116181 0.234947 0.509402 0.419019 0.700735 0.553608 0.319994 0.316375
1724138725.149602 0.232577 0.508088 0.423993 0.698092 0.545882 0.330968 0.324254
1724138725.183013 0.229621 0.507199 0.428392 0.696907 0.537868 0.343057 0.327615
1724138725.216414 0.225772 0.506287 0.431805 0.697698 0.530288 0.352541 0.328219
1724138725.249816 0.221215 0.505320 0.433508 0.703784 0.523305 0.353448 0.325444
1724138725.283207 0.216089 0.504756 0.433775 0.712392 0.520751 0.350340 0.313971
1724138725.316600 0.211145 0.505042 0.432322 0.722008 0.523133 0.341941 0.296839
1724138725.349982 0.206659 0.506129 0.430571 0.730400 0.531211 0.331687 0.272605
1724138725.383355 0.202383 0.507975 0.428673 0.739096 0.540764 0.319088 0.243916
1724138725.416727 0.197580 0.508321 0.426767 0.745168 0.554054 0.299372 0.219375
1724138725.450109 0.192924 0.508050 0.425146 0.747360 0.572101 0.274981 0.196312
1724138725.483462 0.187820 0.508518 0.423386 0.748147 0.592439 0.245739 0.170014
1724138725.516825 0.182339 0.510240 0.421940 0.747048 0.612346 0.219154 0.137563
1724138725.550159 0.177383 0.511916 0.421345 0.747293 0.628031 0.190092 0.104863
1724138725.583493 0.172558 0.513898 0.421248 0.748713 0.639089 0.160027 0.073390
1724138725.616807 0.167896 0.516100 0.421671 0.749369 0.648134 0.129961 0.038446
1724138725.650112 0.163219 0.518495 0.422575 0.750096 0.653712 0.100040 0.002882
1724138725.683407 0.159233 0.520995 0.423465 0.749628 0.657167 0.072554 -0.030428
1724138725.716683 0.155804 0.523161 0.424691 0.746905 0.660338 0.046309 -0.062790
1724138725.749959 0.152816 0.524644 0.425719 0.743180 0.662615 0.021523 -0.090344
1724138725.783216 0.150807 0.525750 0.426287 0.736786 0.665826 0.000243 -0.117563
1724138725.816472 0.149134 0.527051 0.427966 0.729925 0.666877 -0.019299 -0.148699
1724138725.849719 0.148425 0.527929 0.429310 0.722727 0.667619 -0.036595 -0.174962
1724138725.882965 0.148345 0.528669 0.429606 0.715580 0.668801 -0.051584 -0.194909
1724138725.916212 0.149322 0.530704 0.429378 0.710510 0.667830 -0.062206 -0.212860
1724138725.949450 0.150793 0.533236 0.428783 0.706637 0.666846 -0.072117 -0.225342
1724138725.982687 0.152439 0.536955 0.427888 0.702642 0.666765 -0.076777 -0.236271
1724138726.015932 0.154340 0.543084 0.426374 0.700198 0.666179 -0.076980 -0.244952
1724138726.049189 0.156791 0.549993 0.424701 0.699257 0.666198 -0.076196 -0.247819
1724138726.082455 0.158973 0.557625 0.422614 0.699189 0.668186 -0.073431 -0.243453
1724138726.115712 0.161263 0.565289 0.420060 0.699959 0.672484 -0.073644 -0.228909
1724138726.148988 0.163776 0.572221 0.417330 0.700977 0.678205 -0.073890 -0.207871
1724138726.182254 0.166424 0.579285 0.414369 0.702125 0.683832 -0.070620 -0.185494
1724138726.215539 0.169371 0.586876 0.411583 0.705256 0.687178 -0.069169 -0.160047
1724138726.248834 0.172642 0.592453 0.408446 0.707520 0.691808 -0.069863 -0.126238
1724138726.282139 0.176284 0.596480 0.404805 0.709874 0.695566 -0.071125 -0.084903
1724138726.315444 0.178980 0.601376 0.401859 0.713444 0.695600 -0.068239 -0.049809
1724138726.348759 0.181464 0.605543 0.399851 0.715769 0.695090 -0.064623 -0.018686
1724138726.382074 0.183211 0.607563 0.398579 0.719686 0.690585 -0.068510 0.021245
1724138726.415388 0.183652 0.609744 0.397259 0.725272 0.682394 -0.070738 0.057575
1724138726.448712 0.184099 0.612157 0.395800 0.728674 0.675777 -0.068770 0.087353
1724138726.482046 0.184517 0.613815 0.394317 0.730452 0.670142 -0.066041 0.113968
1724138726.515380 0.183839 0.613473 0.393437 0.730666 0.663355 -0.072267 0.144450
1724138726.548714 0.181951 0.611858 0.393175 0.729633 0.656190 -0.081900 0.174193
1724138726.582048 0.180072 0.611035 0.392649 0.728771 0.650355 -0.089835 0.194580
1724138726.615382 0.177614 0.610672 0.391899 0.726336 0.646549 -0.099128 0.211148
1724138726.648715 0.174475 0.611018 0.390757 0.723103 0.644948 -0.107584 0.222687
1724138726.682049 0.171059 0.612701 0.389990 0.719318 0.646444 -0.113806 0.227463
1724138726.715383 0.168037 0.615823 0.389747 0.714600 0.651412 -0.116762 0.226661
1724138726.748677 0.165506 0.619926 0.389812 0.708012 0.658431 -0.116870 0.227001
1724138726.782012 0.163593 0.624627 0.390380 0.699588 0.667252 -0.113839 0.228895
1724138726.815346 0.162042 0.629811 0.390767 0.690447 0.676909 -0.107123 0.231520
1724138726.848679 0.161015 0.634978 0.390983 0.679297 0.688303 -0.097861 0.234985
1724138726.882013 0.160494 0.639667 0.391046 0.665382 0.701876 -0.087084 0.238858
1724138726.915347 0.160589 0.643909 0.391347 0.649301 0.715504 -0.078871 0.245443
1724138726.948681 0.160752 0.647916 0.391221 0.632501 0.729242 -0.068868 0.251807
1724138726.982015 0.161731 0.652353 0.390481 0.616225 0.741672 -0.055117 0.259136
1724138727.015347 0.162837 0.656841 0.390248 0.601254 0.753211 -0.037570 0.264113
1724138727.048681 0.163273 0.660798 0.390305 0.590552 0.759408 -0.020037 0.272299
1724138727.082053 0.163400 0.664225 0.390013 0.585323 0.760536 -0.001673 0.281031
1724138727.115387 0.163287 0.666770 0.389712 0.585438 0.757627 0.018451 0.287963
1724138727.148721 0.163449 0.668920 0.389234 0.588037 0.752900 0.044625 0.292169
1724138727.182075 0.163789 0.671239 0.389137 0.587622 0.750088 0.069297 0.295409
1724138727.215437 0.163859 0.672451 0.389640 0.582570 0.749839 0.085591 0.301709
1724138727.248810 0.164796 0.673361 0.390298 0.572057 0.754072 0.094284 0.308605
1724138727.282182 0.165293 0.673793 0.391079 0.556906 0.762988 0.097048 0.313508
1724138727.315574 0.166379 0.674166 0.391976 0.536526 0.776503 0.094457 0.316639
1724138727.348957 0.168266 0.674008 0.394731 0.512390 0.790385 0.086989 0.324316
1724138727.382339 0.169836 0.673638 0.398045 0.487603 0.802062 0.078144 0.335906
1724138727.415739 0.171632 0.673889 0.401810 0.467814 0.808917 0.073115 0.348507
1724138727.449131 0.172656 0.674478 0.404933 0.453198 0.810478 0.075378 0.363394
1724138727.482543 0.173017 0.675054 0.406798 0.445677 0.809314 0.083576 0.373359
1724138727.515944 0.172366 0.675592 0.407307 0.446272 0.805263 0.094141 0.378854
1724138727.549356 0.170726 0.675704 0.407200 0.453847 0.798371 0.105730 0.381377
1724138727.582757 0.168232 0.674897 0.406511 0.468577 0.788951 0.117123 0.379834
1724138727.616159 0.165896 0.672855 0.406824 0.490574 0.775160 0.129685 0.376358
1724138727.649569 0.162601 0.668153 0.406834 0.515140 0.756357 0.145725 0.375924
1724138727.682951 0.160245 0.662736 0.408481 0.539222 0.734945 0.160811 0.378464
1724138727.716334 0.157513 0.655389 0.410427 0.561477 0.711761 0.175157 0.384006
1724138727.749716 0.155380 0.647049 0.413410 0.581563 0.686551 0.187791 0.393911
1724138727.783089 0.154320 0.639081 0.417045 0.597198 0.663767 0.198122 0.404371
1724138727.816462 0.153704 0.631398 0.420143 0.610093 0.643380 0.208664 0.412685
1724138727.849833 0.153237 0.623515 0.423022 0.621773 0.625705 0.217036 0.418076
1724138727.883196 0.153115 0.616123 0.425593 0.632390 0.609867 0.220956 0.423465
1724138727.916569 0.152555 0.608693 0.427671 0.641605 0.595058 0.223124 0.429494
1724138727.949951 0.152328 0.602009 0.429129 0.648811 0.583809 0.223561 0.433858
1724138727.983324 0.152078 0.596090 0.429445 0.654218 0.577533 0.224017 0.433901
1724138728.016695 0.151957 0.591509 0.428587 0.659721 0.573710 0.221839 0.431755
1724138728.050058 0.151184 0.587509 0.426526 0.666999 0.572606 0.216804 0.424535
1724138728.083421 0.150876 0.584908 0.422658 0.674422 0.577419 0.209284 0.409808
1724138728.116784 0.150557 0.583249 0.418128 0.680121 0.587453 0.202086 0.389224
1724138728.150137 0.150017 0.581934 0.412836 0.685010 0.600180 0.191547 0.365862
1724138728.183481 0.148978 0.580744 0.407792 0.692610 0.613259 0.172504 0.338300
1724138728.216823 0.147644 0.579482 0.402874 0.699248 0.626139 0.150744 0.310288
1724138728.250157 0.145696 0.578224 0.397525 0.703281 0.640796 0.127694 0.280127
1724138728.283482 0.142168 0.577769 0.391902 0.709062 0.653873 0.097478 0.245316
1724138728.316796 0.137735 0.577460 0.386852 0.714450 0.665316 0.065188 0.206558
1724138728.350092 0.133611 0.576795 0.383185 0.718448 0.673993 0.030985 0.169132
1724138728.383377 0.129018 0.575818 0.379876 0.722175 0.678378 -0.005614 0.135040
1724138728.416652 0.124631 0.574557 0.377603 0.721196 0.684472 -0.040677 0.098592
1724138728.449909 0.121302 0.572391 0.376923 0.715556 0.691444 -0.076860 0.063063
1724138728.483156 0.119275 0.569727 0.377362 0.707348 0.697157 -0.112578 0.030916
1724138728.516384 0.117394 0.566341 0.378065 0.695924 0.703275 -0.145230 0.001728
1724138728.549611 0.116538 0.563103 0.379041 0.683514 0.707678 -0.177158 -0.024797
1724138728.582829 0.116361 0.560062 0.379750 0.671856 0.709788 -0.205815 -0.049497
1724138728.616037 0.117108 0.557475 0.380245 0.662146 0.708584 -0.232913 -0.072261
1724138728.649264 0.117972 0.555139 0.381255 0.653836 0.704625 -0.259666 -0.092603
1724138728.682482 0.118786 0.552433 0.381886 0.645500 0.700579 -0.283912 -0.109148
1724138728.715719 0.120042 0.549864 0.381672 0.637851 0.695962 -0.306030 -0.122993
1724138728.748938 0.121475 0.548024 0.380542 0.632578 0.690917 -0.323223 -0.134186
1724138728.782175 0.122998 0.546078 0.378003 0.627271 0.688698 -0.333169 -0.145685
1724138728.815413 0.125029 0.544600 0.374738 0.623512 0.686841 -0.339358 -0.155945
1724138728.848668 0.126882 0.543487 0.371094 0.621367 0.686099 -0.341392 -0.163166
1724138728.882002 0.129759 0.543324 0.366878 0.622278 0.685338 -0.337989 -0.169840
1724138728.915336 0.132113 0.544330 0.361515 0.628464 0.684684 -0.325590 -0.173876
1724138728.948670 0.134856 0.545592 0.355437 0.635816 0.686438 -0.307005 -0.174038
1724138728.982004 0.137896 0.545896 0.349487 0.644687 0.688101 -0.287873 -0.167406
1724138729.015376 0.141582 0.546191 0.344065 0.654646 0.688354 -0.271470 -0.154631
1724138729.048709 0.146090 0.546055 0.339284 0.662805 0.690481 -0.251772 -0.143302
1724138729.082043 0.151108 0.545657 0.335106 0.670255 0.692841 -0.232135 -0.129778
1724138729.115377 0.156673 0.545166 0.331557 0.677674 0.694979 -0.211699 -0.113782
1724138729.148711 0.163661 0.546037 0.327085 0.683713 0.699466 -0.182046 -0.100711
1724138729.182045 0.170982 0.546840 0.323219 0.688761 0.704562 -0.148854 -0.083921
1724138729.215418 0.178795 0.546749 0.320474 0.691154 0.710592 -0.116415 -0.061744
1724138729.248752 0.186863 0.546765 0.318435 0.690204 0.718128 -0.079525 -0.039825
1724138729.282085 0.194534 0.547495 0.317392 0.689068 0.723286 -0.041316 -0.018307
1724138729.315419 0.202463 0.547828 0.317720 0.686573 0.727035 -0.004483 0.004208
1724138729.348753 0.210432 0.547460 0.319762 0.684381 0.727937 0.028179 0.030605
1724138729.382087 0.217838 0.546068 0.322991 0.682326 0.726223 0.059366 0.059215
1724138729.415430 0.223519 0.543955 0.328191 0.680465 0.722407 0.088183 0.085547
1724138729.448784 0.228632 0.542329 0.334009 0.680291 0.714925 0.117000 0.111346
1724138729.482156 0.233045 0.539955 0.339977 0.681351 0.703993 0.146369 0.136863
1724138729.515538 0.236213 0.536042 0.346794 0.683005 0.690002 0.172066 0.166719
1724138729.548931 0.237780 0.530755 0.354058 0.685708 0.672272 0.196443 0.198153
1724138729.582341 0.238659 0.525032 0.360852 0.688950 0.652838 0.216636 0.228517
1724138729.615762 0.236610 0.517427 0.367351 0.691398 0.633641 0.230935 0.259108
1724138729.649192 0.233203 0.509682 0.374678 0.693591 0.615800 0.239093 0.287326
1724138729.682632 0.227572 0.501325 0.381659 0.697478 0.597455 0.241883 0.313153
1724138729.716063 0.219115 0.492206 0.388981 0.704479 0.576113 0.230296 0.344625
1724138729.749494 0.208648 0.483206 0.396709 0.713831 0.552677 0.205334 0.377931
1724138729.782905 0.197350 0.475395 0.402457 0.720444 0.534323 0.180414 0.403621
1724138729.816317 0.185033 0.471203 0.406813 0.727036 0.518806 0.153581 0.422696
1724138729.849708 0.171880 0.469774 0.409883 0.735102 0.506482 0.128395 0.431990
1724138729.883090 0.158624 0.470474 0.411387 0.740795 0.500891 0.104779 0.435147
1724138729.916463 0.144866 0.472882 0.412514 0.746450 0.500318 0.076690 0.431988
1724138729.949826 0.130350 0.477084 0.412909 0.750437 0.505540 0.045882 0.423284
1724138729.983169 0.115484 0.483386 0.411716 0.755486 0.510189 0.013113 0.410824
1724138730.016511 0.100528 0.490514 0.410267 0.758548 0.519527 -0.018463 0.392880
1724138730.049835 0.087311 0.499622 0.408324 0.757626 0.535132 -0.042412 0.371267
1724138730.083140 0.075597 0.511455 0.403388 0.757089 0.555771 -0.052640 0.339357
1724138730.116436 0.066528 0.526530 0.396030 0.755375 0.582099 -0.052621 0.296311
1724138730.149721 0.058636 0.541533 0.389868 0.749799 0.609346 -0.050122 0.252955
1724138730.182997 0.052210 0.557185 0.385212 0.742049 0.635604 -0.048123 0.207496
1724138730.216263 0.046016 0.574324 0.379713 0.733397 0.659556 -0.041986 0.159223
1724138730.249519 0.042696 0.590543 0.376370 0.721323 0.683030 -0.032810 0.109936
1724138730.415831 0.043259 0.681671 0.357151 0.637455 0.757975 0.098665 -0.096898
1724138730.449126 0.049258 0.694915 0.356219 0.620814 0.764639 0.125793 -0.118715
1724138730.849267 0.252045 0.702287 0.348410 0.564420 0.769892 0.293247 0.051994
1724138730.882640 0.267974 0.685481 0.346222 0.574371 0.763035 0.284522 0.083202
1724138730.916032 0.281607 0.669239 0.343641 0.587812 0.754774 0.268359 0.113031
1724138730.949414 0.293504 0.650573 0.340338 0.605512 0.742743 0.249547 0.139333
1724138730.982787 0.301889 0.630482 0.336236 0.625509 0.728166 0.224842 0.167208
1724138731.016167 0.308438 0.609712 0.332547 0.644607 0.714165 0.196424 0.189388
1724138731.049540 0.311663 0.588113 0.327931 0.661909 0.701248 0.166014 0.206319
1724138731.082903 0.312872 0.565847 0.323300 0.679566 0.687458 0.131094 0.220011
1724138731.116266 0.311597 0.543382 0.318591 0.697563 0.671978 0.093145 0.230597
1724138731.149610 0.307862 0.521775 0.313438 0.715581 0.655038 0.052388 0.236905
1724138731.182944 0.302145 0.500135 0.309849 0.731623 0.638538 0.009567 0.238548
1724138731.216267 0.293900 0.480798 0.306251 0.746309 0.620860 -0.035563 0.237257
1724138731.249591 0.284039 0.464657 0.302947 0.757092 0.605964 -0.075714 0.232134
1724138731.282906 0.274397 0.451188 0.298787 0.764089 0.597126 -0.108942 0.218496
1724138731.316211 0.264222 0.441431 0.294524 0.772770 0.587083 -0.138123 0.197692
1724138731.349497 0.254069 0.435162 0.289617 0.780463 0.581954 -0.155861 0.167077
1724138731.382773 0.244928 0.432946 0.284109 0.785984 0.582552 -0.160905 0.130279
1724138731.416048 0.237385 0.434470 0.278674 0.790966 0.582482 -0.161678 0.094592
1724138731.449314 0.231262 0.439187 0.274170 0.792590 0.586468 -0.158059 0.053616
1724138731.482590 0.226641 0.448505 0.271340 0.791877 0.592392 -0.148126 0.007843
1724138731.515866 0.222111 0.460718 0.268903 0.788468 0.600416 -0.128479 -0.036220
1724138732.216155 0.392301 0.597306 0.335525 0.624255 0.737394 0.251961 0.055429
1724138732.249538 0.395553 0.574153 0.335791 0.645820 0.723705 0.226645 0.088316
1724138732.282910 0.395849 0.550509 0.336104 0.667777 0.707139 0.200100 0.118277
1724138732.316293 0.393368 0.525493 0.336889 0.691863 0.685982 0.167755 0.150373
1724138732.349665 0.388344 0.499233 0.337197 0.715309 0.661696 0.131240 0.182392
1724138732.383028 0.380219 0.475988 0.337229 0.733582 0.639498 0.098201 0.207981
1724138732.416390 0.370912 0.453895 0.336509 0.746557 0.621836 0.070458 0.225848
1724138732.449744 0.358762 0.433103 0.335637 0.759650 0.602057 0.040151 0.242583
1724138732.483097 0.344449 0.414037 0.335298 0.771851 0.581439 0.008706 0.257096
1724138732.516450 0.328614 0.397469 0.334261 0.780041 0.565411 -0.016868 0.267510
1724138732.549794 0.311931 0.383143 0.332823 0.786752 0.552083 -0.038522 0.273391
1724138732.583128 0.294147 0.371169 0.331361 0.792833 0.539736 -0.058960 0.276810
1724138732.616461 0.274801 0.360739 0.330343 0.797125 0.529499 -0.079842 0.279013
1724138732.649776 0.254791 0.352169 0.329176 0.799547 0.523994 -0.095813 0.277442
1724138732.683090 0.235071 0.346626 0.326962 0.799848 0.524345 -0.105552 0.272332
1724138732.716395 0.215675 0.343943 0.323784 0.798929 0.530898 -0.106712 0.261672
1724138732.749691 0.196995 0.344790 0.319957 0.797770 0.540816 -0.102458 0.246137
1724138732.782976 0.178387 0.347609 0.316102 0.795780 0.552818 -0.095318 0.228126
1724138732.816271 0.160358 0.352415 0.312138 0.792331 0.567681 -0.084798 0.206783
1724138732.849556 0.143383 0.360582 0.307074 0.787647 0.585746 -0.065883 0.179371
1724138732.882842 0.126617 0.370504 0.302413 0.782450 0.603155 -0.042868 0.148790
1724138732.916137 0.110761 0.383255 0.298834 0.776026 0.619142 -0.021460 0.118261
1724138732.949423 0.095653 0.397681 0.295649 0.767419 0.635410 0.005304 0.085399
1724138732.982709 0.082058 0.414744 0.293580 0.757862 0.649390 0.038524 0.049538
1724138733.016012 0.069948 0.433559 0.292991 0.748451 0.658927 0.073415 0.015692
1724138733.049317 0.059338 0.452962 0.294232 0.737038 0.667016 0.107925 -0.014704
1724138733.082631 0.050191 0.472718 0.296781 0.724876 0.672246 0.144246 -0.042817
1724138733.115956 0.043779 0.493401 0.301303 0.710670 0.675476 0.183444 -0.070909
1724138733.149280 0.039108 0.513965 0.307786 0.694860 0.675796 0.225370 -0.098372
1724138733.182633 0.036815 0.532446 0.316386 0.678189 0.673691 0.266474 -0.123253
1724138733.249349 0.037502 0.565541 0.336189 0.640198 0.665442 0.347926 -0.162115
1724138733.316103 0.045524 0.584314 0.356831 0.597802 0.658028 0.419600 -0.183217
1724138733.349496 0.051769 0.589433 0.365731 0.579388 0.657866 0.445578 -0.181609
1724138733.382888 0.059412 0.588921 0.372246 0.564059 0.658642 0.466440 -0.174532
1724138733.416298 0.067082 0.581122 0.375394 0.555546 0.659135 0.480750 -0.160589
1724138733.449700 0.076225 0.571326 0.376233 0.555320 0.659732 0.486649 -0.139805
1724138733.483101 0.085454 0.558772 0.374990 0.559628 0.658231 0.489371 -0.118594
1724138733.516513 0.094840 0.541960 0.371965 0.570119 0.656160 0.485251 -0.094597
1724138733.549924 0.103295 0.521874 0.368052 0.583877 0.654384 0.475559 -0.068655
1724138733.583326 0.110944 0.499492 0.363440 0.595538 0.654649 0.463537 -0.043609
1724138733.616736 0.116799 0.475236 0.358341 0.606147 0.656776 0.448239 -0.017688
1724138733.650138 0.120829 0.450453 0.353350 0.618246 0.656942 0.431465 0.006079
1724138733.683539 0.122797 0.426457 0.348055 0.631138 0.653975 0.416340 0.025350
1724138733.716941 0.123030 0.400919 0.342327 0.645907 0.650097 0.397750 0.044403
1724138733.750323 0.120883 0.376071 0.336758 0.663051 0.644829 0.374931 0.063135
1724138733.783715 0.116622 0.352686 0.331490 0.679658 0.637722 0.354661 0.074773
1724138733.817087 0.110308 0.331233 0.326016 0.694550 0.631253 0.335361 0.081566
1724138733.850460 0.101608 0.309574 0.319815 0.711757 0.625066 0.307041 0.091762
1724138733.883832 0.090658 0.288918 0.313756 0.730128 0.617987 0.273470 0.101085
1724138733.917195 0.078202 0.271011 0.308039 0.745568 0.611789 0.242086 0.106008
1724138733.950549 0.064487 0.254507 0.301402 0.758687 0.607018 0.208608 0.111381
1724138733.983883 0.049147 0.238296 0.294782 0.772657 0.600432 0.168926 0.118100
1724138734.017205 0.033505 0.224541 0.288589 0.784673 0.593660 0.128395 0.123976
1724138734.050510 0.018153 0.213701 0.282997 0.793637 0.588181 0.090523 0.126446
1724138734.083796 0.002689 0.204748 0.278005 0.802945 0.579708 0.048545 0.129852
1724138734.117062 -0.011587 0.200407 0.274024 0.809079 0.573833 0.013979 0.126145
1724138734.150309 -0.023424 0.199587 0.269497 0.813657 0.569912 -0.007615 0.114473
1724138734.183537 -0.033429 0.202191 0.266079 0.817609 0.565771 -0.028455 0.103002
1724138734.216744 -0.040330 0.208211 0.263627 0.816927 0.569417 -0.036895 0.083858
1724138734.249933 -0.043830 0.219860 0.260894 0.813405 0.578659 -0.026132 0.053321
1724138734.283122 -0.043544 0.236326 0.260472 0.809230 0.587150 -0.009175 0.017840
1724138734.316321 -0.040637 0.255594 0.262486 0.803062 0.595468 0.011996 -0.019127
1724138734.615793 0.072436 0.443852 0.335132 0.682078 0.636993 0.275927 -0.229941
1724138734.649156 0.089555 0.458573 0.344844 0.672096 0.644306 0.285554 -0.227189
1724138734.682519 0.106303 0.470268 0.352356 0.663457 0.652706 0.292008 -0.220296
1724138734.715882 0.123576 0.481026 0.359445 0.656039 0.658886 0.299512 -0.213949
1724138734.749245 0.141114 0.488869 0.365150 0.653212 0.663561 0.301610 -0.205018
1724138734.782627 0.159037 0.492450 0.368854 0.654174 0.669349 0.295721 -0.191252
1724138734.816009 0.177613 0.492280 0.370587 0.656331 0.675171 0.288124 -0.174238
1724138734.849391 0.195412 0.489806 0.370477 0.659017 0.679333 0.281402 -0.158169
1724138734.882773 0.213017 0.484048 0.369496 0.664408 0.682360 0.269379 -0.142765
1724138734.916156 0.229957 0.473155 0.366185 0.674745 0.684817 0.247943 -0.119457
1724138734.949519 0.247011 0.458427 0.362253 0.690137 0.684413 0.217527 -0.089281
1724138734.982882 0.262881 0.440730 0.357877 0.704626 0.682584 0.185344 -0.056815
1724138735.016243 0.276932 0.422262 0.353351 0.716655 0.678758 0.157504 -0.029755
1724138735.049605 0.289050 0.400871 0.347522 0.731387 0.669935 0.127518 0.000240
1724138735.082959 0.299554 0.378175 0.342242 0.746805 0.658048 0.090011 0.033966
1724138735.116293 0.307026 0.357074 0.336675 0.761658 0.642787 0.056892 0.058865
1724138735.149637 0.312330 0.336811 0.330681 0.774705 0.626537 0.027560 0.080769
1724138735.182961 0.315270 0.317023 0.323813 0.785606 0.610590 0.001054 0.100010
1724138735.216294 0.315771 0.299281 0.316369 0.795632 0.594437 -0.023982 0.114185
1724138735.249609 0.314177 0.284018 0.308513 0.803330 0.581122 -0.044556 0.122366
1724138735.282933 0.310968 0.271316 0.299413 0.810663 0.568679 -0.060495 0.125580
1724138735.316248 0.305389 0.259453 0.290322 0.818608 0.555311 -0.076728 0.124995
1724138735.349552 0.298376 0.249445 0.281913 0.825390 0.542455 -0.096017 0.123512
1724138735.382858 0.290420 0.240624 0.274148 0.830992 0.530737 -0.115605 0.120025
1724138735.416142 0.281887 0.232999 0.267755 0.835581 0.520450 -0.135338 0.112342
1724138735.449418 0.273766 0.227470 0.262968 0.837882 0.513367 -0.156031 0.100311
1724138735.482685 0.266644 0.224813 0.258421 0.838886 0.510236 -0.169906 0.084036
1724138735.515951 0.261451 0.225040 0.254380 0.839300 0.510450 -0.176178 0.063072
1724138735.949021 0.348086 0.413831 0.279486 0.631909 0.684563 0.196857 -0.305469
1724138735.982384 0.362620 0.416891 0.281416 0.613344 0.700516 0.214958 -0.294752
1724138736.015754 0.376887 0.415951 0.281287 0.603021 0.714465 0.225100 -0.274290
1724138736.049117 0.391597 0.413188 0.280109 0.599177 0.722847 0.233789 -0.252630
1724138736.082480 0.407288 0.407859 0.279090 0.600818 0.728087 0.236526 -0.230137
1724138736.382669 0.489122 0.264266 0.261456 0.741801 0.663950 0.066398 0.067026
1724138736.449384 0.473930 0.241723 0.265906 0.768548 0.633162 -0.004877 0.091737
1724138736.482737 0.462390 0.238602 0.268987 0.777031 0.622297 -0.033658 0.088527
1724138736.516071 0.450457 0.240088 0.271708 0.781226 0.617180 -0.053764 0.076701
1724138736.549396 0.438437 0.246460 0.274132 0.782277 0.616052 -0.069408 0.060872
1724138736.582710 0.426186 0.255694 0.276630 0.782245 0.616504 -0.079676 0.040838
1724138736.616024 0.414951 0.269359 0.278971 0.780062 0.619740 -0.084362 0.017588
1724138736.649329 0.404715 0.286399 0.281124 0.775878 0.625164 -0.084193 -0.009749
1724138736.682615 0.395657 0.305511 0.284128 0.771007 0.630351 -0.083165 -0.035903
1724138736.715910 0.387337 0.325527 0.287641 0.766170 0.635016 -0.080463 -0.057119
1724138736.749225 0.381768 0.347097 0.291353 0.762064 0.638534 -0.077226 -0.074622
1724138736.782539 0.377961 0.369840 0.295294 0.759063 0.641053 -0.071931 -0.087752
1724138736.815844 0.375622 0.391338 0.299778 0.755674 0.644323 -0.069138 -0.094996
1724138736.849168 0.374774 0.411562 0.305068 0.754414 0.645302 -0.072574 -0.095804
1724138736.882492 0.374947 0.431170 0.310038 0.755275 0.644304 -0.077914 -0.091440
1724138736.915817 0.376413 0.449706 0.314590 0.755992 0.643628 -0.083536 -0.085093
1724138736.949151 0.378785 0.467114 0.318534 0.755808 0.644191 -0.087895 -0.077763
1724138736.982485 0.382195 0.483319 0.321655 0.755967 0.644620 -0.090580 -0.069104
1724138737.015816 0.386252 0.498603 0.324647 0.756577 0.644533 -0.092254 -0.060470
1724138737.049131 0.390314 0.512656 0.327021 0.756718 0.645106 -0.093427 -0.049883
1724138737.082456 0.393808 0.526551 0.329252 0.758190 0.643926 -0.094935 -0.038647
1724138737.115770 0.396145 0.540740 0.332111 0.758167 0.644398 -0.094250 -0.032429
1724138737.149095 0.397567 0.555033 0.334872 0.754215 0.649852 -0.089435 -0.029203
1724138737.182419 0.397901 0.568610 0.337768 0.747860 0.658147 -0.083090 -0.025356
1724138737.215742 0.396401 0.582249 0.340897 0.739911 0.667772 -0.078065 -0.022769
1724138737.249076 0.392698 0.595037 0.344114 0.729177 0.679892 -0.073820 -0.024463
1724138737.282401 0.387013 0.606671 0.347211 0.716425 0.693437 -0.071074 -0.028786
1724138737.315735 0.379018 0.617115 0.349624 0.701749 0.708174 -0.068777 -0.036148
1724138737.349049 0.369247 0.626863 0.351624 0.687042 0.721827 -0.067564 -0.048723
1724138737.382364 0.356944 0.635693 0.353951 0.672884 0.733622 -0.069740 -0.064509
1724138737.415687 0.343254 0.642831 0.355962 0.658511 0.744376 -0.074454 -0.082000
1724138737.449002 0.328698 0.648841 0.357095 0.643893 0.754536 -0.076776 -0.100910
1724138737.482317 0.313331 0.653710 0.357539 0.633255 0.760763 -0.078637 -0.118507
1724138737.515621 0.296834 0.656368 0.357688 0.627214 0.762930 -0.082610 -0.133100
1724138737.548927 0.279737 0.657224 0.357069 0.624146 0.762617 -0.089992 -0.144079
1724138737.582222 0.261790 0.656731 0.355976 0.625392 0.759318 -0.095344 -0.152419
1724138737.615536 0.243200 0.654509 0.354329 0.631312 0.753356 -0.099112 -0.155166
1724138737.648870 0.224218 0.652277 0.351631 0.641065 0.745317 -0.100547 -0.153065
1724138737.682204 0.205525 0.649120 0.348866 0.657548 0.732573 -0.096204 -0.147354
1724138737.715538 0.186831 0.645036 0.346541 0.675754 0.718253 -0.092363 -0.137617
1724138737.748872 0.168774 0.639165 0.345016 0.691494 0.706045 -0.084778 -0.127076
1724138737.782206 0.151385 0.633305 0.343191 0.702217 0.698499 -0.069822 -0.118809
1724138737.815539 0.134332 0.627951 0.341334 0.707395 0.694770 -0.045299 -0.121800
1724138737.848873 0.117776 0.621159 0.339688 0.707839 0.694403 -0.020943 -0.127786
1724138737.882207 0.101768 0.613464 0.338214 0.707485 0.694917 -0.000708 -0.128667
1724138737.915550 0.085672 0.602447 0.337233 0.706092 0.697075 0.011030 -0.124096
1724138737.948884 0.070286 0.589292 0.336041 0.704617 0.699296 0.023305 -0.118139
1724138737.982208 0.055152 0.575491 0.334145 0.705847 0.699141 0.032578 -0.109180
1724138738.015541 0.039944 0.559596 0.332039 0.708388 0.698376 0.033562 -0.096599
1724138738.048875 0.026605 0.543086 0.329806 0.712374 0.696513 0.031744 -0.079902
1724138738.082209 0.013728 0.525908 0.328011 0.717517 0.692932 0.030019 -0.064132
1724138738.115543 0.001333 0.509036 0.326821 0.720909 0.690651 0.024382 -0.051924
1724138738.148877 -0.009465 0.494042 0.326018 0.723197 0.688686 0.022694 -0.046727
1724138738.182211 -0.018594 0.481508 0.324426 0.721776 0.690165 0.027914 -0.043961
1724138738.215544 -0.025789 0.471378 0.321320 0.715030 0.696118 0.044244 -0.046837
1724138738.248838 -0.029457 0.462715 0.318592 0.706450 0.703398 0.059909 -0.050709
1724138738.282172 -0.030159 0.455111 0.315363 0.703290 0.705876 0.070106 -0.046970
1724138738.315506 -0.027468 0.449653 0.310791 0.705164 0.703419 0.081313 -0.036527
1724138738.348840 -0.021345 0.446951 0.304701 0.710021 0.697096 0.097118 -0.022231
1724138738.382174 -0.012973 0.446734 0.298186 0.714356 0.689710 0.117757 -0.011340
1724138738.415547 -0.002674 0.449140 0.292737 0.715541 0.684082 0.141251 -0.008954
1724138738.448880 0.008769 0.452028 0.287516 0.716615 0.677661 0.164845 -0.008060
1724138738.482224 0.021006 0.454300 0.282219 0.718044 0.670029 0.188296 -0.004276
1724138738.515587 0.033482 0.455165 0.275974 0.720153 0.661370 0.209613 0.005658
1724138738.548950 0.046085 0.453625 0.269866 0.718888 0.655347 0.231242 0.015709
1724138738.582342 0.057253 0.450486 0.264218 0.715211 0.652077 0.250232 0.025558
1724138738.615743 0.066863 0.445088 0.258571 0.709054 0.651184 0.268497 0.033331
1724138738.649164 0.073925 0.438378 0.253389 0.703712 0.650386 0.283574 0.037054
1724138738.682594 0.078594 0.429734 0.248414 0.701636 0.647338 0.295152 0.039321
1724138738.716015 0.081902 0.419264 0.242900 0.701457 0.642134 0.305719 0.046460
1724138738.749436 0.084108 0.407289 0.236490 0.701505 0.636391 0.315408 0.058434
1724138738.782866 0.085007 0.394812 0.230243 0.697530 0.634218 0.326933 0.065833
1724138738.816287 0.084597 0.380860 0.223563 0.690413 0.635028 0.339111 0.071222
1724138738.849718 0.083635 0.365974 0.216359 0.684140 0.635891 0.348652 0.077700
1724138738.883129 0.083083 0.351072 0.208878 0.680457 0.632590 0.359346 0.087628
1724138738.916550 0.082497 0.335533 0.201385 0.678564 0.625404 0.371959 0.100338
1724138738.949961 0.081570 0.319405 0.194604 0.679507 0.614705 0.384904 0.110712
1724138738.983381 0.079555 0.302567 0.188510 0.685597 0.599130 0.395587 0.120459
1724138739.016811 0.076963 0.284139 0.182970 0.692285 0.583932 0.402696 0.132668
1724138739.050242 0.074470 0.264660 0.177691 0.695328 0.573302 0.407876 0.146559
1724138739.083663 0.071427 0.245841 0.172288 0.694692 0.568861 0.411463 0.156520
1724138739.117074 0.068459 0.227636 0.167003 0.693121 0.567360 0.412990 0.164697
1724138739.150485 0.066669 0.210427 0.163213 0.685335 0.574805 0.411648 0.174534
1724138739.183887 0.066009 0.196636 0.159867 0.672724 0.587284 0.410427 0.184632
1724138739.217278 0.065096 0.187787 0.157811 0.666024 0.597158 0.407083 0.184657
1724138739.250660 0.063380 0.183403 0.158373 0.666225 0.604087 0.400835 0.174799
1724138739.284043 0.062470 0.183038 0.159044 0.668923 0.606854 0.396859 0.163624
1724138739.384141 0.061301 0.196884 0.159547 0.674885 0.613065 0.389056 0.131593
1724138739.484210 0.053321 0.211135 0.158393 0.667823 0.633622 0.373953 0.112670
1724138739.517563 0.049445 0.214040 0.158345 0.660945 0.644403 0.368245 0.110866
1724138739.550917 0.045124 0.215731 0.158721 0.657570 0.652390 0.360228 0.110563
1724138739.717634 0.031004 0.214563 0.161707 0.662004 0.660657 0.332658 0.120921
1724138739.750978 0.029911 0.212200 0.161474 0.661999 0.661600 0.329339 0.124815
1724138739.784311 0.028507 0.209823 0.160655 0.661449 0.662782 0.327066 0.127410
1724138739.917657 0.023096 0.200188 0.155714 0.663158 0.661034 0.321522 0.140996
1724138740.151002 0.014250 0.187944 0.147907 0.662377 0.662462 0.312940 0.156427
