1724138701.992672 0.156644 0.687533 0.375173 0.699151 0.713905 -0.003587 -0.038916
1724138702.026017 0.156624 0.670001 0.379764 0.701635 0.711781 -0.004098 -0.032542
1724138702.059361 0.157476 0.651836 0.382714 0.704003 0.709755 -0.001503 -0.025004
1724138702.092696 0.158126 0.631802 0.385972 0.707503 0.706490 -0.002981 -0.017388
1724138702.126030 0.158691 0.610226 0.388571 0.711715 0.702413 -0.005811 -0.006640
1724138702.159364 0.159682 0.588724 0.389721 0.714090 0.700042 -0.004017 0.001099
1724138702.192708 0.160792 0.566798 0.390886 0.715489 0.698576 -0.004683 0.006670
1724138702.226052 0.162227 0.544048 0.392291 0.718812 0.694980 -0.007747 0.015867
1724138702.259396 0.163830 0.522088 0.393600 0.719277 0.694336 -0.007063 0.022097
1724138702.292740 0.165183 0.500306 0.397107 0.718190 0.695316 -0.009941 0.025287
1724138702.326084 0.166578 0.478893 0.403172 0.715801 0.697591 -0.016699 0.026782
1724138702.359418 0.168339 0.458219 0.410650 0.712288 0.700933 -0.022509 0.028846
1724138702.392752 0.170491 0.438987 0.418804 0.710363 0.702534 -0.026343 0.033722
1724138702.426086 0.172599 0.420832 0.427966 0.708649 0.703701 -0.031078 0.040688
1724138702.459402 0.174721 0.404301 0.437997 0.707911 0.703748 -0.036062 0.047962
1724138702.492717 0.177223 0.389552 0.448347 0.707561 0.703101 -0.041103 0.057591
1724138702.526032 0.179659 0.376819 0.458531 0.707592 0.701710 -0.045887 0.069365
1724138702.559346 0.182255 0.366807 0.468731 0.707027 0.701123 -0.050620 0.077312
1724138702.592653 0.184629 0.359839 0.478021 0.708262 0.698751 -0.054438 0.084546
1724138702.625987 0.186988 0.356225 0.485731 0.711115 0.694851 -0.057379 0.090585
1724138702.659321 0.188966 0.355272 0.491977 0.713504 0.691883 -0.060156 0.092691
1724138702.692656 0.190767 0.356952 0.496521 0.715420 0.689768 -0.063561 0.091401
1724138702.725990 0.192670 0.360896 0.498422 0.716512 0.688772 -0.065770 0.088763
1724138702.759325 0.194795 0.366723 0.497335 0.716118 0.689608 -0.066253 0.085014
1724138702.792659 0.196986 0.374154 0.493351 0.715180 0.691185 -0.066652 0.079620
1724138702.825993 0.199246 0.382676 0.486784 0.713388 0.693694 -0.067859 0.072542
1724138702.859328 0.201433 0.391284 0.477792 0.711396 0.696211 -0.070336 0.065266
1724138702.892662 0.203484 0.400074 0.466591 0.708406 0.699732 -0.073499 0.055986
1724138702.925996 0.205433 0.408325 0.453650 0.704389 0.704234 -0.077157 0.044017
1724138702.959331 0.207448 0.415794 0.438708 0.700472 0.708252 -0.080778 0.034547
1724138702.992648 0.209443 0.422314 0.422259 0.697077 0.711500 -0.084649 0.026168
1724138703.025983 0.211451 0.427932 0.404957 0.694858 0.713422 -0.088525 0.019082
1724138703.059317 0.213312 0.432683 0.386957 0.694034 0.714090 -0.090524 0.014019
1724138703.092651 0.215117 0.436111 0.369111 0.694266 0.713497 -0.093600 0.012488
1724138703.125985 0.216933 0.438086 0.352471 0.690931 0.716471 -0.095917 0.009138
1724138703.159319 0.218528 0.438677 0.337322 0.686259 0.720704 -0.097828 0.007943
1724138703.192653 0.219857 0.438314 0.324050 0.681816 0.724689 -0.099461 0.007775
1724138703.225988 0.220770 0.437691 0.312714 0.677432 0.728941 -0.098416 0.006664
1724138703.259322 0.220978 0.437106 0.303718 0.675126 0.731296 -0.096785 0.006626
1724138703.292656 0.220339 0.437075 0.297349 0.676438 0.730309 -0.095128 0.005549
1724138703.325989 0.219021 0.437975 0.293548 0.682175 0.725166 -0.093573 0.003965
1724138703.359324 0.216837 0.439281 0.292907 0.690950 0.716797 -0.093744 0.001835
1724138703.392658 0.214631 0.440785 0.295207 0.699738 0.708071 -0.094858 -0.001953
1724138703.425992 0.213112 0.441656 0.299982 0.706677 0.701070 -0.095290 -0.005322
1724138703.459327 0.212561 0.441631 0.306903 0.710582 0.697266 -0.093986 -0.007764
1724138703.492661 0.213035 0.440571 0.316330 0.712144 0.695958 -0.091647 -0.009646
1724138703.525995 0.214244 0.438922 0.328402 0.713302 0.695036 -0.089329 -0.012067
1724138703.559329 0.216082 0.437447 0.342515 0.715499 0.693200 -0.085606 -0.014358
1724138703.592663 0.218616 0.436137 0.358560 0.719404 0.689761 -0.080599 -0.013831
1724138703.625998 0.222120 0.435238 0.375996 0.723777 0.685975 -0.073644 -0.012745
1724138703.659332 0.226459 0.434625 0.394313 0.728699 0.681766 -0.064104 -0.009160
1724138703.692666 0.230889 0.434212 0.414422 0.735230 0.675436 -0.056521 -0.005301
1724138703.726000 0.235722 0.433940 0.436071 0.740827 0.669760 -0.050686 -0.005287
1724138703.759333 0.240999 0.433020 0.458066 0.746526 0.663771 -0.045860 -0.001736
1724138703.792667 0.246993 0.431422 0.480136 0.749102 0.661248 -0.039873 0.002595
1724138703.826003 0.253216 0.429127 0.501457 0.749319 0.661283 -0.033294 0.010872
1724138703.859337 0.259637 0.426003 0.522216 0.747325 0.663591 -0.026984 0.020573
1724138703.892671 0.265647 0.422488 0.542145 0.741974 0.669486 -0.019403 0.029757
1724138703.926005 0.270973 0.418976 0.561158 0.737034 0.674587 -0.012777 0.039374
1724138703.959339 0.275672 0.415270 0.579254 0.733452 0.677924 -0.007641 0.049075
1724138703.992662 0.279931 0.412233 0.595717 0.731380 0.679333 -0.002686 0.059860
1724138704.025997 0.283682 0.408961 0.610411 0.730030 0.679687 0.001783 0.071271
1724138704.059331 0.286514 0.405981 0.623727 0.726864 0.682198 0.004619 0.079078
1724138704.092665 0.289177 0.402840 0.635261 0.722430 0.686312 0.006495 0.083841
1724138704.125999 0.292363 0.399759 0.644011 0.717015 0.691340 0.008520 0.088684
1724138704.159333 0.295651 0.396619 0.649640 0.712958 0.694463 0.010163 0.096479
1724138704.192667 0.299080 0.394275 0.651767 0.710112 0.696333 0.011747 0.103555
1724138704.226001 0.302216 0.392770 0.651051 0.709568 0.696163 0.010726 0.108419
1724138704.259335 0.304587 0.392805 0.647170 0.708813 0.696635 0.006500 0.110641
1724138704.292669 0.306725 0.393750 0.640181 0.705217 0.700470 0.001738 0.109581
1724138704.326003 0.308724 0.395820 0.629965 0.698421 0.707787 -0.002700 0.106014
1724138704.359337 0.310338 0.399131 0.616697 0.690252 0.716539 -0.005805 0.100455
1724138704.392671 0.311311 0.404302 0.600667 0.684476 0.722844 -0.008279 0.094447
1724138704.426005 0.311073 0.410510 0.583071 0.681512 0.726761 -0.011554 0.085003
1724138704.459340 0.309850 0.417221 0.563750 0.679750 0.729638 -0.013597 0.073371
1724138704.492674 0.307904 0.423572 0.543126 0.679766 0.730441 -0.016372 0.064085
1724138704.526008 0.305496 0.428995 0.521910 0.678411 0.732438 -0.019605 0.053928
1724138704.559342 0.302376 0.433173 0.500134 0.673245 0.737810 -0.021593 0.043714
1724138704.592676 0.298690 0.436255 0.478528 0.667325 0.743469 -0.026335 0.035171
1724138704.626010 0.294060 0.439006 0.457250 0.661869 0.748524 -0.031822 0.025057
1724138704.659344 0.288672 0.441825 0.435936 0.659218 0.750860 -0.036673 0.017202
1724138704.692677 0.282672 0.444809 0.415172 0.659282 0.750707 -0.041332 0.008878
1724138704.726012 0.276380 0.448265 0.394839 0.661372 0.748715 -0.044869 0.000353
1724138704.759346 0.270352 0.451626 0.374501 0.664800 0.745630 -0.045324 -0.004812
1724138704.792680 0.265063 0.454911 0.354443 0.667224 0.743590 -0.042363 -0.009550
1724138704.826014 0.260251 0.458024 0.335712 0.668632 0.742441 -0.038787 -0.014437
1724138704.859348 0.255342 0.460170 0.318948 0.670857 0.740420 -0.037898 -0.017122
1724138704.892683 0.250800 0.462035 0.303637 0.671362 0.739953 -0.036382 -0.020469
1724138704.926026 0.246776 0.463682 0.289280 0.672477 0.739088 -0.032905 -0.020965
1724138704.959360 0.242873 0.464743 0.276358 0.673651 0.738237 -0.028799 -0.019248
1724138704.992705 0.238963 0.465382 0.265726 0.674139 0.737915 -0.026021 -0.018495
1724138705.026059 0.235266 0.465612 0.257436 0.673515 0.738549 -0.023458 -0.019308
1724138705.059422 0.231886 0.465512 0.251626 0.672609 0.739427 -0.021846 -0.019198
1724138705.092775 0.228707 0.465297 0.248753 0.671630 0.740288 -0.021271 -0.020828
1724138705.126138 0.225578 0.464726 0.248648 0.671708 0.740114 -0.022359 -0.023215
1724138705.159492 0.222772 0.463929 0.251418 0.673047 0.738699 -0.026528 -0.025058
1724138705.192845 0.220718 0.462201 0.256660 0.672917 0.738496 -0.031404 -0.028628
1724138705.226189 0.219801 0.459885 0.263720 0.670443 0.740394 -0.035954 -0.032079
1724138705.259523 0.220813 0.456991 0.271776 0.666045 0.744144 -0.038975 -0.033388
1724138705.292847 0.223495 0.454312 0.280135 0.662133 0.747720 -0.037980 -0.032435
1724138705.326181 0.227157 0.451852 0.289069 0.661296 0.748800 -0.033491 -0.029409
1724138705.359505 0.231533 0.449784 0.299323 0.664855 0.745979 -0.029663 -0.024564
1724138705.392830 0.235936 0.447919 0.311166 0.670249 0.741404 -0.026152 -0.020089
1724138705.426144 0.240826 0.445737 0.324396 0.675073 0.737238 -0.021957 -0.016585
1724138705.459469 0.245970 0.442927 0.338309 0.680545 0.732428 -0.016953 -0.010978
1724138705.492803 0.251357 0.439269 0.352956 0.685309 0.728148 -0.011692 -0.003983
1724138705.526137 0.256707 0.434441 0.368337 0.686679 0.726923 -0.006745 0.002905
1724138705.559471 0.261980 0.428774 0.384205 0.685283 0.728197 -0.002801 0.010420
1724138705.592814 0.266996 0.422730 0.400477 0.683741 0.729475 -0.000362 0.019079
1724138705.626158 0.271642 0.416812 0.416698 0.681703 0.731120 0.001178 0.027261
1724138705.659492 0.276001 0.411537 0.432402 0.680133 0.732190 0.002523 0.036206
1724138705.692826 0.280128 0.406949 0.447523 0.678613 0.733106 0.003961 0.044981
1724138705.726160 0.284120 0.403236 0.461428 0.677957 0.733118 0.006537 0.053571
1724138705.759484 0.287605 0.400405 0.474283 0.678113 0.732231 0.009574 0.062513
1724138705.792818 0.290799 0.398107 0.486076 0.677897 0.731726 0.012566 0.069821
1724138705.826162 0.293375 0.396556 0.496284 0.678331 0.730645 0.014576 0.076233
1724138705.859496 0.295411 0.395391 0.504568 0.678214 0.730117 0.016890 0.081664
1724138705.892830 0.296741 0.395051 0.510629 0.677432 0.730317 0.019087 0.085786
1724138705.926173 0.297682 0.395025 0.514352 0.676668 0.730569 0.021166 0.089117
1724138705.959517 0.298029 0.395537 0.515750 0.675926 0.731033 0.022455 0.090618
1724138705.992855 0.297360 0.396593 0.514863 0.676911 0.730117 0.022611 0.090600
1724138706.026198 0.295638 0.398288 0.511671 0.679419 0.728048 0.021467 0.088745
1724138706.059541 0.293328 0.399913 0.506303 0.680742 0.727414 0.019488 0.084137
1724138706.092885 0.290352 0.401405 0.498804 0.679882 0.728925 0.016601 0.078442
1724138706.126209 0.287034 0.402272 0.489389 0.677326 0.731897 0.012228 0.073533
1724138706.159543 0.283449 0.402909 0.478040 0.673264 0.736149 0.007405 0.068886
1724138706.192868 0.279469 0.403338 0.465217 0.668512 0.741017 0.001836 0.063102
1724138706.226202 0.274982 0.403818 0.451244 0.663855 0.745657 -0.004257 0.057226
1724138706.259526 0.269975 0.404258 0.436484 0.659612 0.749736 -0.012253 0.051567
1724138706.292840 0.264582 0.405068 0.421176 0.654972 0.754116 -0.020983 0.043367
1724138706.326155 0.258936 0.406449 0.405266 0.650713 0.758049 -0.027507 0.034310
1724138706.359460 0.253214 0.408316 0.389187 0.648883 0.759587 -0.034661 0.027865
1724138706.392765 0.247275 0.410586 0.373321 0.649490 0.758837 -0.042645 0.022596
1724138706.426070 0.241515 0.413355 0.357447 0.649132 0.759007 -0.048244 0.014461
1724138706.459385 0.236053 0.415969 0.341303 0.649568 0.758479 -0.051782 0.009471
1724138706.492699 0.231410 0.418437 0.324627 0.651863 0.756338 -0.054402 0.008217
1724138706.526033 0.227709 0.420627 0.307192 0.653314 0.755336 -0.050981 0.006967
1724138706.559367 0.224795 0.422280 0.290029 0.652281 0.756580 -0.045233 0.008439
1724138706.592701 0.221807 0.423086 0.274711 0.649442 0.759119 -0.043428 0.008858
1724138706.626035 0.218384 0.423302 0.261344 0.648307 0.759955 -0.045834 0.008054
1724138706.659369 0.215073 0.423299 0.248710 0.648293 0.759847 -0.047822 0.007867
1724138706.692713 0.212337 0.423167 0.236545 0.648039 0.760011 -0.048382 0.009434
1724138706.726047 0.210018 0.422828 0.225265 0.646901 0.760980 -0.047793 0.012027
1724138707.026221 0.200699 0.439817 0.219405 0.660737 0.750189 -0.024925 -0.004768
1724138707.059565 0.203292 0.439190 0.229850 0.661692 0.749411 -0.022532 -0.006210
1724138707.092918 0.206866 0.437284 0.241598 0.661711 0.749499 -0.019039 -0.005193
1724138707.126262 0.210957 0.434084 0.254602 0.661500 0.749803 -0.014408 -0.002163
1724138707.159596 0.215124 0.430180 0.269357 0.661943 0.749470 -0.010946 0.002368
1724138707.192930 0.219160 0.425186 0.285971 0.662322 0.749128 -0.009954 0.006099
1724138707.226254 0.223096 0.419178 0.303292 0.663768 0.747770 -0.010286 0.012069
1724138707.259588 0.227144 0.412363 0.320021 0.665755 0.745791 -0.009002 0.022032
1724138707.292922 0.230970 0.404569 0.336664 0.663934 0.747127 -0.007590 0.030575
1724138707.326247 0.234600 0.396256 0.353386 0.660028 0.750293 -0.008812 0.036698
1724138707.359581 0.237629 0.387721 0.368774 0.658511 0.751150 -0.010569 0.044996
1724138707.392895 0.240161 0.379277 0.382724 0.656143 0.752729 -0.011656 0.052351
1724138707.426210 0.242408 0.371248 0.396000 0.653195 0.754864 -0.015047 0.057371
1724138707.459525 0.244627 0.363845 0.408348 0.652072 0.755343 -0.018712 0.062525
1724138707.492830 0.247077 0.357325 0.419540 0.651585 0.755267 -0.019750 0.067963
1724138707.526135 0.249605 0.351778 0.430186 0.654290 0.752230 -0.020576 0.075043
1724138707.559429 0.251705 0.346932 0.440402 0.659493 0.746894 -0.021387 0.082225
1724138707.592735 0.253297 0.342746 0.450536 0.663259 0.743026 -0.022655 0.086523
1724138707.626050 0.254423 0.339002 0.460208 0.665809 0.740334 -0.025324 0.089235
1724138707.659384 0.254917 0.335792 0.468741 0.668096 0.737984 -0.029238 0.090397
1724138707.692718 0.255123 0.333635 0.475247 0.670269 0.735908 -0.032469 0.090139
1724138707.726052 0.255087 0.332471 0.479392 0.673321 0.733042 -0.034895 0.089837
1724138707.759386 0.254735 0.332560 0.481118 0.676858 0.729939 -0.036324 0.087938
1724138707.792680 0.254006 0.334139 0.480425 0.682029 0.725396 -0.036296 0.085554
1724138707.826014 0.252767 0.337047 0.478060 0.686838 0.721296 -0.035702 0.081924
1724138707.859348 0.251346 0.341216 0.474534 0.690505 0.718407 -0.035919 0.076188
1724138707.892720 0.249518 0.346533 0.470368 0.693252 0.716121 -0.038744 0.071213
1724138707.926054 0.247776 0.353509 0.465062 0.688703 0.720880 -0.039080 0.067034
1724138707.959388 0.245770 0.363240 0.459442 0.679258 0.730259 -0.037796 0.062465
1724138707.992719 0.242916 0.376990 0.455178 0.670179 0.739332 -0.040114 0.051372
1724138708.026012 0.239243 0.394458 0.451746 0.668251 0.741455 -0.044724 0.041045
1724138708.059346 0.235568 0.415973 0.448288 0.668393 0.741715 -0.046996 0.030024
1724138708.092680 0.232260 0.440715 0.445034 0.669479 0.741067 -0.047699 0.018491
1724138708.126014 0.230038 0.467687 0.441510 0.669219 0.741772 -0.043391 0.006164
1724138708.159348 0.228677 0.496767 0.438070 0.668278 0.743054 -0.035245 -0.005751
1724138708.192683 0.228081 0.526503 0.435054 0.668898 0.742646 -0.029200 -0.014117
1724138708.226017 0.227794 0.556924 0.432302 0.666752 0.744634 -0.017527 -0.025583
1724138708.259390 0.227215 0.587181 0.429907 0.664711 0.746303 -0.004312 -0.034248
1724138708.292724 0.226343 0.616407 0.428776 0.662406 0.747960 0.005648 -0.041746
1724138708.326058 0.225335 0.644208 0.428011 0.660386 0.749391 0.015450 -0.045443
1724138708.359392 0.224446 0.670469 0.428228 0.655185 0.753250 0.023674 -0.052789
1724138708.392726 0.223093 0.694664 0.429418 0.647045 0.759194 0.031362 -0.063041
1724138708.426060 0.221966 0.716112 0.430451 0.637624 0.766048 0.039861 -0.070827
1724138708.459394 0.220889 0.734978 0.431439 0.627462 0.773380 0.047264 -0.077083
1724138708.492737 0.220067 0.751247 0.432396 0.618380 0.779730 0.052860 -0.082665
1724138708.526071 0.219325 0.764807 0.432809 0.611180 0.784419 0.058904 -0.087615
1724138708.559414 0.217897 0.774606 0.433173 0.608438 0.785788 0.063630 -0.091059
1724138708.592758 0.216306 0.781186 0.432932 0.607200 0.786183 0.065652 -0.094417
1724138708.626101 0.214372 0.782860 0.432468 0.607806 0.785255 0.066793 -0.097390
1724138708.659445 0.212395 0.780168 0.431818 0.611195 0.782640 0.062828 -0.099840
1724138708.692789 0.210562 0.772720 0.430566 0.615046 0.779657 0.056468 -0.103269
1724138708.726123 0.208865 0.760299 0.428855 0.620092 0.775926 0.049819 -0.104610
1724138708.759466 0.208595 0.743803 0.425727 0.626730 0.771255 0.043369 -0.102449
1724138708.792791 0.209453 0.724513 0.420868 0.631677 0.767798 0.041335 -0.098804
1724138708.826125 0.210930 0.701994 0.415029 0.636989 0.764432 0.039960 -0.091054
1724138708.859449 0.213125 0.675962 0.409845 0.641464 0.761676 0.035413 -0.084377
1724138708.892773 0.215121 0.647841 0.404079 0.645420 0.759259 0.031671 -0.077172
1724138708.926098 0.217272 0.619171 0.398135 0.651423 0.755114 0.027206 -0.068640
1724138708.959422 0.219105 0.589396 0.392705 0.658784 0.749586 0.020685 -0.060797
1724138708.992742 0.220981 0.559734 0.386360 0.665966 0.743933 0.017802 -0.052307
1724138709.026066 0.223296 0.530321 0.379762 0.671809 0.739208 0.016513 -0.044397
1724138709.059400 0.225964 0.500325 0.373569 0.678550 0.733659 0.011785 -0.034283
1724138709.092734 0.228938 0.470841 0.367452 0.679417 0.733146 0.008502 -0.028587
1724138709.126068 0.232081 0.442492 0.362011 0.679031 0.733611 0.002403 -0.026938
1724138709.159402 0.235879 0.414825 0.356474 0.679809 0.733011 -0.004718 -0.023064
1724138709.192736 0.240484 0.388547 0.349837 0.682727 0.730459 -0.008706 -0.015424
1724138709.226070 0.245362 0.364507 0.342412 0.689249 0.724430 -0.008822 -0.007668
1724138709.259404 0.250210 0.341356 0.335820 0.696277 0.717677 -0.011756 -0.000589
1724138709.292738 0.255062 0.318804 0.330042 0.704819 0.709177 -0.015831 0.006879
1724138709.326072 0.260102 0.297085 0.324539 0.710245 0.703559 -0.018412 0.014760
1724138709.359406 0.265518 0.275531 0.318679 0.713824 0.699468 -0.019081 0.028896
1724138709.392740 0.271288 0.255763 0.312833 0.714150 0.698448 -0.016848 0.043321
1724138709.426073 0.276171 0.238382 0.308299 0.712552 0.699337 -0.015810 0.054298
1724138709.459407 0.279911 0.223143 0.304612 0.712700 0.698156 -0.017028 0.065932
1724138709.492750 0.281821 0.210453 0.302428 0.714987 0.694885 -0.020926 0.074092
1724138709.526084 0.282969 0.200163 0.301550 0.716793 0.692150 -0.027417 0.079902
1724138709.559418 0.284083 0.191701 0.300648 0.716714 0.691137 -0.032084 0.087297
1724138709.592762 0.285681 0.186006 0.299368 0.712827 0.694241 -0.032980 0.093912
1724138709.626096 0.286423 0.183865 0.298950 0.707569 0.699020 -0.035133 0.097380
1724138709.659440 0.286382 0.186335 0.299615 0.704379 0.702168 -0.039342 0.096238
1724138709.692774 0.285680 0.194594 0.300298 0.702352 0.704623 -0.041692 0.092034
1724138709.726108 0.284582 0.207371 0.301193 0.700829 0.706766 -0.043125 0.086376
1724138709.759432 0.282416 0.224579 0.303172 0.699147 0.709103 -0.046601 0.078711
1724138709.792756 0.279542 0.245268 0.306115 0.695032 0.713821 -0.050934 0.069250
1724138709.826081 0.276051 0.268534 0.309904 0.689474 0.719844 -0.055423 0.058124
1724138709.859414 0.272602 0.295476 0.313916 0.683907 0.725967 -0.057241 0.044349
1724138709.892748 0.268811 0.324280 0.317312 0.682546 0.727329 -0.059546 0.039736
1724138709.926082 0.265228 0.355643 0.321144 0.676895 0.733295 -0.058397 0.026091
1724138709.959416 0.261310 0.388358 0.325249 0.671960 0.738338 -0.055851 0.014411
1724138709.992747 0.257000 0.421707 0.329547 0.669562 0.740748 -0.054353 0.005022
1724138710.026041 0.252193 0.455333 0.334764 0.666307 0.743748 -0.052753 -0.009518
1724138710.059375 0.247327 0.487432 0.339747 0.664724 0.744979 -0.052113 -0.020766
1724138710.092709 0.242993 0.518440 0.343049 0.662023 0.747543 -0.045726 -0.028542
1724138710.126082 0.239181 0.547810 0.345707 0.657820 0.751531 -0.037904 -0.032211
1724138710.159416 0.235344 0.575602 0.349070 0.650293 0.757993 -0.031517 -0.039647
1724138710.192750 0.231496 0.602665 0.352839 0.643547 0.763497 -0.025463 -0.047659
1724138710.226084 0.227493 0.629025 0.356135 0.636077 0.769444 -0.017439 -0.055294
1724138710.259418 0.223434 0.655184 0.359461 0.634416 0.770508 -0.008592 -0.061327
1724138710.292752 0.219022 0.680122 0.362834 0.634282 0.770137 0.000109 -0.067642
1724138710.326086 0.214501 0.703578 0.365690 0.633780 0.769884 0.010873 -0.074050
1724138710.359420 0.209851 0.724169 0.369047 0.635151 0.767894 0.020449 -0.080650
1724138710.392752 0.205406 0.740956 0.371898 0.633520 0.768231 0.028428 -0.087560
1724138710.426096 0.201047 0.753247 0.374508 0.634052 0.766827 0.034535 -0.093609
1724138710.459430 0.196767 0.760647 0.376626 0.635372 0.764860 0.038124 -0.099189
1724138710.492764 0.192802 0.762705 0.377815 0.637168 0.762967 0.038072 -0.102215
1724138710.526098 0.189891 0.758672 0.378738 0.640497 0.760171 0.034107 -0.103635
1724138710.559432 0.187933 0.750295 0.377688 0.642895 0.758365 0.029846 -0.103335
1724138710.592766 0.187118 0.737427 0.375022 0.646797 0.755712 0.024162 -0.099850
1724138710.626100 0.187281 0.719719 0.370614 0.652024 0.752384 0.019814 -0.091597
1724138710.659434 0.188378 0.698855 0.364810 0.658953 0.747475 0.017177 -0.082255
1724138710.692768 0.189347 0.674460 0.359171 0.669535 0.739317 0.008540 -0.071135
1724138710.726093 0.189814 0.645808 0.354615 0.679881 0.730979 -0.003519 -0.058471
1724138710.759426 0.190562 0.614850 0.350345 0.685567 0.726227 -0.015495 -0.048496
1724138710.792760 0.192782 0.582146 0.345187 0.687593 0.724757 -0.023470 -0.037321
1724138710.826094 0.196014 0.548723 0.338657 0.688803 0.724073 -0.028397 -0.021493
1724138710.859428 0.199840 0.514430 0.332158 0.690916 0.722150 -0.033536 -0.003022
1724138710.892762 0.204079 0.480751 0.325645 0.691945 0.720901 -0.036473 0.013547
1724138710.926096 0.207922 0.448278 0.320265 0.690800 0.721445 -0.041807 0.023736
1724138710.959430 0.211071 0.417483 0.316636 0.691764 0.719716 -0.051846 0.027992
1724138710.992761 0.213825 0.389443 0.313915 0.693966 0.716740 -0.063133 0.026626
1724138711.026094 0.216515 0.363685 0.310805 0.697600 0.712270 -0.072759 0.027076
1724138711.059428 0.219396 0.341382 0.305647 0.707048 0.702317 -0.075081 0.034602
1724138711.092762 0.222469 0.320769 0.299546 0.715251 0.693647 -0.072374 0.045065
1724138711.126096 0.225610 0.301706 0.294351 0.718774 0.689608 -0.069675 0.054308
1724138711.159430 0.228934 0.284479 0.290606 0.717398 0.690598 -0.069327 0.060068
1724138711.192764 0.231905 0.268255 0.287991 0.714534 0.693052 -0.069270 0.065743
1724138711.226098 0.235766 0.254145 0.285199 0.710620 0.696363 -0.068752 0.073289
1724138711.259432 0.239959 0.240858 0.283009 0.705565 0.700591 -0.068028 0.081989
1724138711.292766 0.244788 0.229421 0.280839 0.701390 0.703780 -0.065126 0.092219
1724138711.326100 0.249428 0.220313 0.278951 0.699050 0.705115 -0.060368 0.102462
1724138711.359432 0.253362 0.215113 0.277648 0.701393 0.701163 -0.058208 0.114153
1724138711.392766 0.256020 0.213315 0.277596 0.703992 0.698053 -0.056048 0.118218
1724138711.426100 0.258009 0.215837 0.277876 0.706812 0.695017 -0.056111 0.119246
1724138711.459435 0.259590 0.221184 0.278128 0.706737 0.695653 -0.053269 0.117266
1724138711.492769 0.261165 0.231100 0.278187 0.705959 0.697287 -0.051232 0.113087
1724138711.526103 0.261441 0.244220 0.278375 0.705436 0.698521 -0.049939 0.109244
1724138711.559437 0.261149 0.261902 0.278846 0.702614 0.702510 -0.048372 0.102336
1724138711.592780 0.259945 0.283699 0.280735 0.700466 0.705803 -0.050616 0.092887
1724138711.626105 0.258049 0.308777 0.283814 0.697031 0.710439 -0.053415 0.081063
1724138711.659439 0.255484 0.336606 0.288590 0.692170 0.716550 -0.057043 0.064832
1724138711.692772 0.253139 0.366636 0.294307 0.686034 0.723460 -0.059897 0.048732
1724138711.726106 0.251304 0.398071 0.299733 0.679911 0.730214 -0.057926 0.033969
1724138711.759440 0.249334 0.431243 0.305160 0.672354 0.738281 -0.051332 0.015695
1724138711.792773 0.247507 0.465347 0.310532 0.668572 0.742307 -0.044507 0.003291
1724138711.826108 0.246166 0.499198 0.315507 0.665875 0.745209 -0.035116 -0.006348
1724138711.859442 0.244896 0.533406 0.319881 0.662135 0.748878 -0.022403 -0.015995
1724138711.892776 0.243625 0.566872 0.324309 0.660828 0.750141 -0.010506 -0.022017
1724138711.926110 0.242216 0.599485 0.328833 0.660232 0.750518 0.001407 -0.028559
1724138711.959444 0.240331 0.631185 0.333791 0.661685 0.748874 0.011890 -0.034927
1724138711.992774 0.237834 0.660382 0.339313 0.663737 0.746515 0.019432 -0.042319
1724138712.026117 0.234673 0.687327 0.345062 0.666615 0.743287 0.024574 -0.050451
1724138712.059451 0.231018 0.711493 0.350208 0.666211 0.742843 0.029655 -0.058892
1724138712.092805 0.227897 0.732001 0.354980 0.660130 0.747191 0.036847 -0.067645
1724138712.126158 0.225134 0.749898 0.358581 0.655703 0.750264 0.043159 -0.072773
1724138712.159511 0.222164 0.764298 0.361268 0.650488 0.754005 0.049839 -0.076543
1724138712.192865 0.219432 0.774796 0.363606 0.649101 0.754656 0.053455 -0.079404
1724138712.226218 0.216075 0.781056 0.365756 0.649370 0.753879 0.055354 -0.083194
1724138712.259571 0.213073 0.782659 0.367163 0.649611 0.753456 0.055679 -0.084909
1724138712.292925 0.210780 0.779365 0.368385 0.649697 0.753532 0.052212 -0.085777
1724138712.326267 0.209026 0.772093 0.368875 0.648325 0.754864 0.048183 -0.086795
1724138712.359611 0.207903 0.761229 0.368608 0.647450 0.755754 0.045112 -0.087235
1724138712.392964 0.207623 0.747512 0.367082 0.651449 0.753165 0.041500 -0.081454
1724138712.426298 0.208149 0.731072 0.365124 0.654130 0.751541 0.038973 -0.076037
1724138712.459632 0.209267 0.712557 0.363275 0.656902 0.749875 0.036203 -0.069694
1724138712.492966 0.210654 0.691916 0.361792 0.659597 0.748311 0.031456 -0.063024
1724138712.526300 0.212110 0.669897 0.360269 0.662420 0.746558 0.027438 -0.055668
1724138712.559625 0.214371 0.646942 0.358621 0.664862 0.745097 0.024596 -0.046734
1724138712.592959 0.217118 0.623023 0.357418 0.666363 0.744439 0.021672 -0.036071
1724138712.626292 0.219528 0.598915 0.356704 0.668795 0.742805 0.017425 -0.025508
1724138712.659616 0.222223 0.574972 0.356291 0.672642 0.739695 0.012394 -0.015814
1724138712.692940 0.225080 0.550528 0.356173 0.675293 0.737486 0.006783 -0.006911
1724138712.726265 0.227938 0.525695 0.356122 0.676896 0.736078 0.000728 0.000764
1724138712.759579 0.230629 0.501093 0.355678 0.681260 0.731937 -0.006140 0.010679
1724138712.792894 0.233250 0.476568 0.355767 0.684118 0.728988 -0.014595 0.018630
1724138712.826209 0.236145 0.452963 0.356013 0.685885 0.726710 -0.026454 0.027492
1724138712.859514 0.240311 0.430930 0.355771 0.684932 0.726590 -0.035558 0.040882
1724138712.892828 0.245577 0.412039 0.354477 0.680489 0.729829 -0.037653 0.053544
1724138712.926132 0.250706 0.396567 0.353576 0.676570 0.732458 -0.039102 0.065034
1724138712.959457 0.255095 0.385096 0.353343 0.675191 0.732643 -0.041084 0.075252
1724138712.992789 0.258444 0.378045 0.352856 0.676282 0.730931 -0.038799 0.082929
1724138713.026122 0.259981 0.375152 0.352330 0.681974 0.724909 -0.035278 0.090403
1724138713.059456 0.259460 0.375679 0.351822 0.689164 0.717496 -0.030503 0.096549
1724138713.092790 0.256457 0.379209 0.351544 0.695783 0.711144 -0.024512 0.097775
1724138713.126124 0.250297 0.384952 0.351914 0.702592 0.704921 -0.021401 0.094831
1724138713.159467 0.241574 0.392005 0.352202 0.709459 0.698537 -0.019056 0.091381
1724138713.192801 0.230388 0.399646 0.351887 0.715625 0.692827 -0.016591 0.087158
1724138713.226155 0.217592 0.406561 0.350678 0.720576 0.687899 -0.014224 0.085809
1724138713.259508 0.203773 0.412475 0.348621 0.721689 0.686735 -0.010308 0.086338
1724138713.292850 0.188774 0.417740 0.345709 0.720722 0.687732 -0.004976 0.086949
1724138713.326194 0.171911 0.422105 0.342667 0.721150 0.687268 -0.002145 0.087186
1724138713.359538 0.153279 0.426300 0.340010 0.722896 0.685651 -0.002734 0.085418
1724138713.392872 0.133010 0.430133 0.337543 0.726934 0.681729 -0.005672 0.082344
1724138713.426206 0.111316 0.433579 0.335573 0.732907 0.675688 -0.012234 0.078375
1724138713.459530 0.088917 0.436131 0.334039 0.737937 0.670580 -0.022361 0.072600
1724138713.492845 0.066250 0.437985 0.332523 0.740410 0.668153 -0.033928 0.064915
1724138713.526150 0.044281 0.438615 0.331024 0.740880 0.667581 -0.046399 0.057272
1724138713.559464 0.023319 0.438457 0.329540 0.739699 0.668428 -0.059698 0.049859
1724138713.592759 0.003718 0.437965 0.327476 0.738612 0.668946 -0.070809 0.044151
1724138713.626093 -0.014219 0.437270 0.324905 0.737840 0.669034 -0.080077 0.039663
1724138713.659427 -0.030510 0.436752 0.322621 0.737419 0.668554 -0.089877 0.034222
1724138713.692722 -0.044903 0.436543 0.320820 0.737651 0.667335 -0.099033 0.026966
1724138713.726056 -0.056543 0.436517 0.319468 0.738270 0.665647 -0.107184 0.019581
1724138713.759342 -0.064729 0.436311 0.318037 0.737803 0.665466 -0.112386 0.013085
1724138713.792676 -0.069301 0.436237 0.316515 0.736898 0.666148 -0.114640 0.009293
1724138713.826010 -0.070479 0.436630 0.315650 0.736675 0.666002 -0.117146 0.005321
1724138713.859344 -0.068313 0.437131 0.315578 0.736783 0.665281 -0.120616 0.001788
1724138713.892677 -0.062819 0.437394 0.315640 0.736252 0.665537 -0.122442 -0.001346
1724138713.926011 -0.054015 0.437465 0.315899 0.734883 0.666691 -0.124300 -0.004354
1724138713.959344 -0.042266 0.436460 0.316250 0.732823 0.668620 -0.126039 -0.005577
1724138713.992677 -0.027262 0.434732 0.316511 0.729463 0.672141 -0.126751 -0.006604
1724138714.026010 -0.009094 0.431938 0.316229 0.725155 0.676829 -0.126617 -0.004509
1724138714.059344 0.012116 0.428389 0.315695 0.719774 0.682860 -0.125004 -0.001323
1724138714.092726 0.035469 0.425189 0.315358 0.715463 0.687778 -0.122775 0.000714
1724138714.126060 0.060421 0.422625 0.315699 0.713246 0.690148 -0.122372 0.000991
1724138714.159394 0.086281 0.420704 0.316092 0.711452 0.692269 -0.120794 -0.002981
1724138714.192728 0.113090 0.419506 0.315583 0.712966 0.690989 -0.119138 -0.004414
1724138714.226101 0.141026 0.418505 0.313601 0.716412 0.688102 -0.115194 0.000735
1724138714.259435 0.169639 0.417463 0.311035 0.718920 0.686645 -0.107865 0.006093
1724138714.292768 0.198217 0.416736 0.308717 0.720151 0.686252 -0.101505 0.011750
1724138714.326102 0.226715 0.415734 0.306638 0.719300 0.687816 -0.095687 0.018998
1724138714.359474 0.254508 0.415004 0.304989 0.716127 0.692042 -0.087669 0.023534
1724138714.392808 0.280841 0.414719 0.304334 0.714487 0.694347 -0.081585 0.027110
1724138714.426142 0.305303 0.414399 0.304844 0.715768 0.692750 -0.081323 0.034060
1724138714.459476 0.328282 0.414538 0.305022 0.715673 0.692857 -0.078677 0.039639
1724138714.492820 0.350248 0.414726 0.304938 0.713722 0.694920 -0.074860 0.045635
1724138714.526174 0.370854 0.414797 0.304241 0.710051 0.698800 -0.068668 0.052835
1724138714.559525 0.389942 0.414911 0.303258 0.708137 0.700638 -0.061488 0.062197
1724138714.592889 0.407226 0.415335 0.302922 0.709021 0.699520 -0.054938 0.070306
1724138714.626252 0.422715 0.415680 0.303067 0.710059 0.698019 -0.048444 0.078981
1724138714.659634 0.436346 0.415920 0.304118 0.709730 0.697959 -0.042421 0.085660
1724138714.693026 0.447829 0.416368 0.305894 0.710020 0.697281 -0.037459 0.090923
1724138714.726408 0.457223 0.416995 0.307819 0.710434 0.696634 -0.032498 0.094492
1724138714.759810 0.464344 0.417921 0.309329 0.710769 0.696155 -0.026507 0.097334
1724138714.793202 0.468841 0.419260 0.310434 0.711234 0.695598 -0.020514 0.099338
1724138714.826593 0.470652 0.421446 0.311013 0.711671 0.695511 -0.014480 0.097873
1724138714.859975 0.468663 0.424112 0.311433 0.715166 0.692240 -0.011920 0.095911
1724138714.893377 0.463776 0.426409 0.310960 0.717405 0.690139 -0.010315 0.094506
1724138714.926749 0.455499 0.428578 0.309555 0.716388 0.691933 -0.006942 0.089271
1724138714.960122 0.442671 0.429769 0.308981 0.717405 0.691364 -0.012545 0.084784
1724138714.993493 0.426092 0.429331 0.308642 0.715300 0.693816 -0.023432 0.080097
1724138715.026845 0.405997 0.428471 0.308318 0.709791 0.700278 -0.035621 0.067377
1724138715.060179 0.383974 0.426642 0.307952 0.706759 0.703192 -0.052365 0.057182
1724138715.093504 0.361372 0.424373 0.305523 0.702284 0.707354 -0.062766 0.050079
1724138715.126809 0.337767 0.422232 0.301762 0.698930 0.710316 -0.070158 0.045015
1724138715.160084 0.313061 0.419543 0.298269 0.695682 0.712933 -0.078162 0.040533
1724138715.193361 0.287927 0.416265 0.295438 0.691886 0.716011 -0.086085 0.034813
1724138715.226627 0.263143 0.412546 0.292634 0.689712 0.717177 -0.093856 0.033847
1724138715.259892 0.238897 0.408780 0.289926 0.686087 0.720011 -0.099021 0.032603
1724138715.293139 0.214568 0.405266 0.288525 0.681671 0.723572 -0.104672 0.028509
1724138715.326376 0.190677 0.402359 0.288385 0.677931 0.726260 -0.111698 0.021907
1724138715.359623 0.167232 0.400713 0.288551 0.675703 0.727564 -0.117732 0.014663
1724138715.392861 0.144492 0.400164 0.288598 0.676549 0.726182 -0.121881 0.009324
1724138715.426117 0.121875 0.400710 0.288693 0.677737 0.724556 -0.125258 0.000811
1724138715.459413 0.100482 0.402090 0.289025 0.679149 0.722698 -0.128068 -0.007883
1724138715.492747 0.080267 0.403858 0.288638 0.681857 0.719991 -0.128624 -0.011833
1724138715.526080 0.060842 0.406670 0.289155 0.684641 0.716907 -0.130268 -0.018481
1724138715.559414 0.042660 0.409286 0.290786 0.686325 0.714524 -0.132678 -0.028477
1724138715.592748 0.025419 0.412110 0.292314 0.690035 0.709725 -0.138090 -0.032770
1724138715.626082 0.009848 0.415317 0.294022 0.693929 0.704723 -0.142488 -0.039063
1724138715.659416 -0.003965 0.418126 0.295469 0.697039 0.700817 -0.144907 -0.044644
1724138715.692750 -0.015942 0.420235 0.296920 0.699063 0.697873 -0.148761 -0.046419
1724138715.726084 -0.025533 0.421788 0.298137 0.698564 0.697866 -0.150330 -0.048919
1724138715.759418 -0.032699 0.423251 0.298649 0.695950 0.700877 -0.147794 -0.050817
1724138715.792751 -0.037429 0.424779 0.298836 0.693145 0.704423 -0.144281 -0.050204
1724138715.826085 -0.040212 0.426714 0.299178 0.692306 0.705976 -0.141306 -0.048409
1724138715.859419 -0.041035 0.429739 0.299592 0.693387 0.705573 -0.137857 -0.048745
1724138715.892753 -0.040106 0.432772 0.300210 0.696833 0.702428 -0.136498 -0.048861
1724138715.926087 -0.036629 0.435320 0.300545 0.700520 0.699106 -0.135730 -0.045821
1724138715.959421 -0.030434 0.437638 0.300081 0.702059 0.698765 -0.130348 -0.043016
1724138715.992753 -0.021867 0.439668 0.299794 0.702655 0.699270 -0.125172 -0.040367
1724138716.026086 -0.010961 0.441398 0.299568 0.702892 0.699920 -0.121815 -0.034860
1724138716.059420 0.001981 0.443213 0.298847 0.701995 0.702062 -0.115438 -0.031394
1724138716.092754 0.016917 0.445129 0.298433 0.700912 0.704113 -0.109858 -0.029642
1724138716.126088 0.033478 0.447468 0.297364 0.700629 0.705257 -0.105144 -0.026024
1724138716.159422 0.051757 0.449741 0.295500 0.700820 0.706318 -0.097358 -0.022081
1724138716.192756 0.071429 0.451772 0.293282 0.701887 0.706510 -0.088893 -0.017215
1724138716.226090 0.092706 0.453763 0.291105 0.705205 0.704086 -0.082823 -0.009452
1724138716.259461 0.115184 0.455750 0.288701 0.707924 0.702353 -0.074431 -0.001874
1724138716.292795 0.138879 0.457495 0.286926 0.710149 0.700887 -0.066515 0.004602
1724138716.326129 0.162944 0.458437 0.286233 0.711170 0.700259 -0.061363 0.010461
1724138716.359463 0.188019 0.459554 0.285766 0.709553 0.702322 -0.055417 0.014404
1724138716.392837 0.213341 0.460253 0.285966 0.706257 0.705939 -0.050258 0.018046
1724138716.426171 0.238644 0.460505 0.287183 0.703819 0.708349 -0.048364 0.023277
1724138716.459505 0.264097 0.461222 0.288413 0.702463 0.709684 -0.045145 0.029278
1724138716.492839 0.289527 0.461467 0.290488 0.700620 0.711514 -0.040926 0.034711
1724138716.526171 0.313864 0.461727 0.293793 0.699034 0.713021 -0.037674 0.039160
1724138716.559505 0.337137 0.461450 0.298625 0.697817 0.713921 -0.037956 0.043891
1724138716.592849 0.359147 0.461299 0.304346 0.694865 0.716681 -0.039294 0.044572
1724138716.626193 0.379533 0.460868 0.309932 0.692690 0.718649 -0.040273 0.045837
1724138716.659537 0.398692 0.460017 0.315068 0.691677 0.719284 -0.041552 0.049870
1724138716.692890 0.416664 0.458852 0.318995 0.691984 0.718515 -0.039861 0.057484
1724138716.726243 0.432424 0.457386 0.322358 0.692502 0.717390 -0.036002 0.067055
1724138716.759596 0.446217 0.455806 0.325894 0.692004 0.717453 -0.031872 0.073318
1724138716.792958 0.457238 0.454432 0.329267 0.694259 0.714525 -0.028370 0.081571
1724138716.826322 0.465271 0.453250 0.332160 0.697446 0.710679 -0.023687 0.089124
1724138716.859704 0.470355 0.452472 0.334415 0.699983 0.707532 -0.016954 0.095569
1724138716.893077 0.471940 0.452146 0.335957 0.702362 0.704452 -0.007806 0.101855
1724138716.926449 0.469157 0.452789 0.337677 0.704475 0.701947 0.001081 0.104805
1724138716.959841 0.461522 0.454331 0.340053 0.708104 0.698394 0.007285 0.103828
1724138716.993230 0.448839 0.456429 0.342357 0.713214 0.693539 0.011545 0.100972
1724138717.026611 0.431974 0.458697 0.344335 0.718278 0.688945 0.011794 0.096395
1724138717.059994 0.411146 0.460729 0.345540 0.721256 0.686575 0.009326 0.091200
1724138717.093376 0.386997 0.462003 0.346030 0.722438 0.686086 0.004150 0.085747
1724138717.126739 0.360237 0.462036 0.346433 0.721413 0.687801 -0.005672 0.080380
1724138717.160083 0.331838 0.461120 0.345913 0.714313 0.695616 -0.012656 0.075602
1724138717.193436 0.301924 0.459671 0.345264 0.705444 0.705150 -0.019210 0.068868
1724138717.226760 0.270675 0.457922 0.344840 0.700031 0.710616 -0.028491 0.064566
1724138717.260074 0.239042 0.456396 0.344140 0.696159 0.714465 -0.036510 0.059744
1724138717.293379 0.207259 0.455144 0.343591 0.694510 0.716114 -0.044123 0.053760
1724138717.326674 0.175767 0.454102 0.343452 0.694747 0.715624 -0.054138 0.047732
1724138717.359970 0.144841 0.453081 0.344492 0.693529 0.716233 -0.067260 0.038786
1724138717.393236 0.115297 0.452084 0.346431 0.690362 0.718520 -0.079704 0.027875
1724138717.426483 0.088050 0.451625 0.348457 0.685454 0.722307 -0.090209 0.016966
1724138717.459730 0.062819 0.451648 0.350901 0.680660 0.725714 -0.099971 0.006785
1724138717.492976 0.039930 0.452322 0.353801 0.676774 0.728227 -0.107946 -0.003288
1724138717.526213 0.019785 0.454509 0.356193 0.674274 0.729665 -0.113006 -0.013192
1724138717.559480 0.002173 0.457216 0.358311 0.675195 0.728101 -0.116589 -0.019680
1724138717.592775 -0.013025 0.460470 0.360480 0.677989 0.724668 -0.120554 -0.025559
1724138717.626109 -0.025446 0.463487 0.362914 0.680302 0.721737 -0.123571 -0.031846
1724138717.659443 -0.034862 0.466509 0.364691 0.682051 0.719615 -0.125062 -0.036335
1724138717.692777 -0.041447 0.469209 0.365915 0.683826 0.718013 -0.124003 -0.038242
1724138717.726110 -0.045512 0.471502 0.366955 0.686308 0.715847 -0.123076 -0.037386
1724138717.759444 -0.046877 0.473534 0.367897 0.688946 0.713756 -0.121001 -0.035544
1724138717.792778 -0.045796 0.475325 0.368516 0.691424 0.712448 -0.115369 -0.032264
1724138717.826112 -0.042007 0.476778 0.369284 0.693396 0.711604 -0.109724 -0.027976
1724138717.859446 -0.035755 0.477521 0.370573 0.693911 0.711977 -0.105378 -0.021713
1724138717.892780 -0.026910 0.477904 0.372724 0.694370 0.712412 -0.100404 -0.015449
1724138717.926114 -0.015993 0.478432 0.375371 0.694227 0.713410 -0.094766 -0.010678
1724138717.959448 -0.002910 0.478652 0.378597 0.693882 0.714409 -0.090150 -0.004419
1724138717.992780 0.012010 0.478995 0.381849 0.693941 0.714976 -0.085156 0.002072
1724138718.026113 0.028124 0.479470 0.384662 0.694828 0.714908 -0.077729 0.008876
1724138718.059447 0.045954 0.479433 0.387276 0.696482 0.713880 -0.070415 0.018162
1724138718.092781 0.065231 0.479014 0.389579 0.697548 0.713151 -0.063642 0.028158
1724138718.126153 0.085623 0.477928 0.391469 0.697205 0.713738 -0.055351 0.037669
1724138718.159487 0.107278 0.476181 0.393116 0.695409 0.715395 -0.048306 0.047775
1724138718.192822 0.129851 0.473771 0.394367 0.694322 0.715793 -0.041215 0.062110
1724138718.226195 0.153448 0.471297 0.395014 0.692435 0.716468 -0.031329 0.078903
1724138718.259527 0.177666 0.468809 0.395612 0.689011 0.718288 -0.020462 0.094378
1724138718.292861 0.200814 0.466722 0.395977 0.688058 0.716794 -0.009150 0.112687
1724138718.326195 0.222169 0.465255 0.396165 0.689771 0.712269 0.002226 0.129937
1724138718.359549 0.240113 0.464356 0.396423 0.693897 0.705498 0.011770 0.143667
1724138718.392912 0.254252 0.463764 0.396712 0.700053 0.696983 0.016510 0.154494
1724138718.426294 0.264315 0.463060 0.396707 0.705757 0.689202 0.017363 0.163115
1724138718.459686 0.270454 0.461888 0.396360 0.709111 0.684282 0.014821 0.169407
1724138718.493077 0.273102 0.460407 0.395276 0.710079 0.681403 0.008649 0.177211
1724138718.526459 0.272640 0.458607 0.393607 0.710174 0.679121 0.000114 0.185599
1724138718.559852 0.269539 0.457338 0.390889 0.709997 0.676821 -0.008798 0.194266
1724138718.593214 0.263944 0.456996 0.387461 0.711989 0.671382 -0.020717 0.204665
1724138718.626587 0.256371 0.457769 0.384255 0.715598 0.663552 -0.036979 0.215061
1724138718.659940 0.248019 0.459723 0.380801 0.715689 0.659716 -0.052293 0.223224
1724138718.693294 0.239274 0.462748 0.377979 0.713967 0.656109 -0.069996 0.234250
1724138718.726636 0.229876 0.466558 0.376271 0.711352 0.650842 -0.091646 0.248964
1724138718.759970 0.220535 0.472539 0.374919 0.707832 0.646340 -0.111992 0.262061
1724138718.793295 0.210609 0.481121 0.373165 0.707530 0.639014 -0.129292 0.272666
1724138718.826600 0.200980 0.492632 0.370658 0.707741 0.635025 -0.140431 0.275909
1724138718.859905 0.192133 0.506398 0.368054 0.705922 0.636091 -0.148235 0.274023
1724138718.893200 0.184689 0.521270 0.365365 0.700828 0.642128 -0.152842 0.270465
1724138718.926486 0.179270 0.536119 0.361736 0.692056 0.653364 -0.150054 0.267689
1724138718.959771 0.175025 0.552088 0.357308 0.684375 0.664691 -0.144044 0.262809
1724138718.993046 0.171051 0.568846 0.352041 0.681944 0.670885 -0.134465 0.258426
1724138719.026330 0.167806 0.586466 0.345603 0.682032 0.676183 -0.119372 0.251712
1724138719.059626 0.165957 0.604019 0.338833 0.680725 0.683465 -0.098365 0.244567
1724138719.092931 0.165546 0.621457 0.331355 0.675370 0.696248 -0.072552 0.232056
1724138719.159589 0.164946 0.656306 0.316832 0.650501 0.734133 -0.002991 0.194648
1724138719.226305 0.162170 0.687887 0.307065 0.636736 0.751044 0.063385 0.162735
1724138719.259676 0.160208 0.700852 0.305237 0.635051 0.752861 0.088951 0.148315
1724138719.293069 0.158566 0.711633 0.303423 0.627557 0.757669 0.123354 0.129974
1724138719.326461 0.158437 0.721378 0.302047 0.624795 0.755847 0.153913 0.120986
1724138719.359872 0.157858 0.727946 0.302348 0.625190 0.751256 0.181216 0.109147
1724138719.393283 0.158288 0.733589 0.303341 0.620829 0.749501 0.209693 0.094061
1724138719.426675 0.161227 0.736894 0.303447 0.617718 0.744350 0.237583 0.089001
1724138719.460076 0.165638 0.737485 0.305225 0.610611 0.740044 0.268238 0.086815
1724138719.493487 0.171982 0.737034 0.307610 0.598318 0.737922 0.300081 0.086239
1724138719.526899 0.177505 0.733186 0.312215 0.590288 0.732715 0.326689 0.089236
1724138719.560300 0.182869 0.727656 0.316028 0.584915 0.727162 0.346841 0.093863
1724138719.593712 0.189236 0.722158 0.320089 0.579917 0.721658 0.364790 0.099167
1724138719.627113 0.193338 0.712336 0.327279 0.575370 0.716303 0.381308 0.102294
1724138719.660525 0.196256 0.702316 0.331360 0.574084 0.713419 0.387320 0.106979
1724138719.693935 0.198305 0.690422 0.336613 0.576680 0.710255 0.387673 0.112640
1724138719.727337 0.198493 0.675146 0.341729 0.583749 0.705129 0.383786 0.121405
1724138719.760738 0.197847 0.658954 0.346126 0.595877 0.699395 0.371737 0.132623
1724138719.794140 0.195823 0.641162 0.349874 0.608682 0.695361 0.354136 0.143414
1724138719.827532 0.192658 0.622755 0.352864 0.622220 0.690587 0.334509 0.155035
1724138719.860914 0.188027 0.604078 0.355732 0.638140 0.683431 0.313293 0.165975
1724138719.894297 0.181439 0.585697 0.357788 0.656184 0.676198 0.285459 0.175193
1724138719.927668 0.173192 0.568968 0.359986 0.674373 0.668567 0.255749 0.181195
1724138719.961041 0.163876 0.553799 0.361354 0.691592 0.659624 0.228331 0.185639
1724138719.994393 0.154039 0.541089 0.362631 0.707626 0.650311 0.202665 0.187849
1724138720.027746 0.145028 0.530822 0.363874 0.721017 0.641853 0.181647 0.187519
1724138720.061089 0.136874 0.523460 0.363745 0.730692 0.634074 0.170071 0.187388
1724138720.094433 0.130955 0.518313 0.363317 0.738142 0.625511 0.166737 0.189953
1724138720.127767 0.126770 0.514765 0.361754 0.740762 0.619069 0.172885 0.195285
1724138720.161101 0.123223 0.513185 0.359907 0.736989 0.619454 0.185327 0.196922
1724138720.194435 0.120806 0.513663 0.358666 0.723916 0.630354 0.204732 0.191530
1724138720.227778 0.118822 0.515188 0.356753 0.705872 0.643677 0.227229 0.189188
1724138720.261121 0.117655 0.517731 0.354981 0.684189 0.658605 0.251068 0.187323
1724138720.294455 0.116896 0.521929 0.353681 0.655886 0.678969 0.276723 0.179552
1724138720.327799 0.114366 0.526757 0.352147 0.629608 0.698347 0.295482 0.169099
1724138720.361143 0.109736 0.530304 0.349860 0.615220 0.710876 0.299298 0.163034
1724138720.394506 0.103887 0.532237 0.347701 0.608659 0.721015 0.291298 0.157533
1724138720.427849 0.097069 0.533730 0.344515 0.606214 0.729778 0.277841 0.150774
1724138720.461192 0.090064 0.534309 0.341429 0.613552 0.732539 0.255414 0.147323
1724138720.494526 0.081437 0.533078 0.339078 0.631395 0.728621 0.220458 0.147816
1724138720.527860 0.072780 0.531601 0.337743 0.653536 0.719818 0.181384 0.147830
1724138720.561175 0.064719 0.529989 0.337204 0.677377 0.706449 0.139011 0.150882
1724138720.594480 0.057887 0.527669 0.338171 0.699384 0.690891 0.093299 0.157567
1724138720.627765 0.052581 0.525543 0.340056 0.720534 0.671120 0.047245 0.167919
1724138720.661041 0.049227 0.524688 0.341887 0.741147 0.647676 0.008578 0.176477
1724138720.694297 0.048292 0.524993 0.342941 0.755503 0.630545 -0.018353 0.176892
1724138720.727554 0.050359 0.524943 0.343615 0.761506 0.622759 -0.035951 0.176032
1724138720.760810 0.055669 0.524865 0.342320 0.756044 0.630667 -0.037698 0.170986
1724138720.794067 0.062761 0.527456 0.339276 0.742071 0.653464 -0.019747 0.148073
1724138720.827333 0.071773 0.532526 0.335286 0.726736 0.675338 0.009325 0.125248
1724138720.860600 0.081931 0.538906 0.330303 0.712709 0.691357 0.044405 0.109997
1724138720.893876 0.092242 0.547412 0.324363 0.697381 0.705872 0.089552 0.085938
1724138720.927170 0.101297 0.561590 0.321123 0.677250 0.720876 0.139681 0.046477
1724138720.960475 0.107908 0.575930 0.321831 0.669025 0.722263 0.175144 0.008208
1724138720.993808 0.112990 0.590226 0.324715 0.666182 0.715255 0.208771 -0.032043
1724138721.027151 0.117687 0.604633 0.329994 0.660396 0.705799 0.244454 -0.077244
1724138721.060504 0.122133 0.618438 0.338906 0.655392 0.693785 0.272454 -0.122036
1724138721.093857 0.125453 0.628440 0.347799 0.658631 0.677848 0.286442 -0.157092
1724138721.127211 0.129299 0.635697 0.355729 0.659880 0.662584 0.302287 -0.184834
1724138721.160564 0.134316 0.641192 0.361266 0.659926 0.653227 0.312234 -0.200752
1724138721.193917 0.140147 0.644448 0.364209 0.660009 0.647188 0.321045 -0.206070
1724138721.227250 0.146649 0.645915 0.365879 0.656605 0.646585 0.327966 -0.207934
1724138721.260594 0.152891 0.645683 0.366212 0.656431 0.647334 0.328188 -0.205789
1724138721.293937 0.158568 0.644710 0.365215 0.659486 0.648391 0.323531 -0.199987
1724138721.327281 0.163786 0.642234 0.364520 0.663606 0.650139 0.314236 -0.195453
1724138721.360625 0.168603 0.639458 0.362807 0.674632 0.650273 0.296938 -0.183967
1724138721.393969 0.172324 0.635196 0.361132 0.686891 0.649824 0.276836 -0.171090
1724138721.427312 0.174295 0.629739 0.360532 0.696109 0.652433 0.251357 -0.163045
1724138721.460655 0.175215 0.622435 0.359335 0.715546 0.651530 0.207867 -0.142457
1724138721.493989 0.177327 0.615295 0.358439 0.723917 0.654753 0.177984 -0.124757
1724138721.527313 0.178868 0.606485 0.356957 0.732104 0.657663 0.145138 -0.102171
1724138721.560637 0.180613 0.595097 0.356032 0.745792 0.655730 0.098650 -0.063882
1724138721.593952 0.183584 0.584653 0.356458 0.743060 0.663734 0.072269 -0.045780
1724138721.627257 0.185345 0.572633 0.357103 0.744672 0.666013 0.039466 -0.018260
1724138721.660562 0.187631 0.558593 0.360307 0.747933 0.663547 -0.004143 0.016859
1724138721.693857 0.190239 0.545097 0.362925 0.747344 0.661969 -0.036809 0.043801
1724138721.727142 0.192337 0.530358 0.366228 0.751271 0.650844 -0.076744 0.078129
1724138721.760418 0.194870 0.514359 0.369940 0.750046 0.643542 -0.110872 0.104845
1724138721.793694 0.197685 0.497691 0.371943 0.749402 0.632318 -0.142113 0.135555
1724138721.826951 0.200291 0.478122 0.375222 0.747340 0.618666 -0.174962 0.167698
1724138721.860198 0.203675 0.458688 0.377226 0.740747 0.613267 -0.198125 0.189592
1724138721.893444 0.206944 0.438321 0.377788 0.735293 0.606362 -0.217604 0.210517
1724138721.926672 0.210712 0.417667 0.376958 0.733402 0.593014 -0.233883 0.236125
1724138721.959889 0.214509 0.396450 0.374949 0.732926 0.578886 -0.246480 0.258761
1724138721.993107 0.218826 0.374397 0.373624 0.730930 0.566481 -0.259372 0.278508
1724138722.026324 0.223723 0.351569 0.371655 0.726207 0.560834 -0.267204 0.294434
1724138722.059581 0.229192 0.327980 0.369193 0.719166 0.558222 -0.272094 0.311694
1724138722.092837 0.235257 0.305599 0.367227 0.713699 0.553094 -0.278432 0.327409
1724138722.126123 0.240752 0.284170 0.365366 0.707398 0.551605 -0.283952 0.338661
1724138722.159457 0.246106 0.264422 0.363645 0.701375 0.553013 -0.288527 0.344968
1724138722.192791 0.250870 0.245718 0.361480 0.697665 0.550965 -0.289798 0.354568
1724138722.226124 0.256510 0.228670 0.358680 0.692635 0.559409 -0.283793 0.356061
1724138722.259458 0.261012 0.214701 0.353981 0.689434 0.574510 -0.270155 0.348763
1724138722.292792 0.264015 0.205710 0.349551 0.693778 0.580104 -0.259397 0.338916
1724138722.326126 0.265788 0.200002 0.343537 0.700083 0.591670 -0.241726 0.318402
1724138722.359460 0.266573 0.198693 0.336272 0.707808 0.606928 -0.216678 0.289304
1724138722.392794 0.266691 0.203969 0.328213 0.715105 0.620901 -0.189360 0.259325
1724138722.426128 0.267355 0.214575 0.320172 0.726350 0.628792 -0.158531 0.227825
1724138722.693069 0.269863 0.434260 0.313120 0.760135 0.626443 0.146107 -0.091741
1724138722.726460 0.270067 0.465510 0.319611 0.753188 0.623693 0.172426 -0.118252
1724138722.759853 0.271241 0.496671 0.327061 0.743044 0.623670 0.196815 -0.142076
1724138722.793245 0.271044 0.527728 0.334661 0.732129 0.624240 0.218420 -0.163108
1724138722.826636 0.270990 0.556196 0.344975 0.721745 0.623247 0.235111 -0.188073
1724138722.860009 0.269587 0.585860 0.354605 0.712315 0.622437 0.248834 -0.207995
1724138722.893381 0.269513 0.609550 0.365923 0.701493 0.621177 0.262514 -0.230505
1724138722.926763 0.266975 0.637158 0.375300 0.693850 0.621982 0.270662 -0.241768
1724138723.126949 0.249505 0.717865 0.415138 0.712791 0.628803 0.208040 -0.230771
1724138723.160292 0.246288 0.718875 0.415088 0.713845 0.638843 0.193544 -0.211767
1724138723.226969 0.238143 0.703031 0.411135 0.733498 0.654748 0.119183 -0.138133
1724138723.260303 0.236257 0.691649 0.410116 0.737148 0.661205 0.085798 -0.109814
1724138723.326942 0.230062 0.656513 0.406376 0.758059 0.651881 -0.005046 -0.019320
1724138723.360266 0.227396 0.638583 0.405795 0.762442 0.645714 -0.040787 0.008528
1724138723.426847 0.221645 0.595261 0.402148 0.775849 0.613702 -0.115057 0.090504
1724138723.460142 0.219962 0.572242 0.400100 0.774054 0.603797 -0.145507 0.122872
1724138723.493418 0.217212 0.544970 0.399595 0.769049 0.593589 -0.178889 0.155609
1724138723.526694 0.216403 0.517402 0.400534 0.756699 0.591271 -0.211399 0.181978
1724138723.559950 0.214736 0.488314 0.401806 0.742041 0.592528 -0.239775 0.201973
1724138723.593207 0.213610 0.458208 0.402937 0.724954 0.595742 -0.264411 0.222754
1724138723.626435 0.214118 0.428064 0.402682 0.704250 0.606720 -0.280325 0.239460
1724138723.659632 0.215142 0.399183 0.400345 0.687592 0.614499 -0.289541 0.256465
1724138723.692860 0.217999 0.372760 0.396679 0.675142 0.621697 -0.293830 0.267094
1724138723.726107 0.222257 0.345958 0.388686 0.658314 0.643082 -0.283319 0.269814
1724138723.759441 0.227682 0.321834 0.378066 0.650576 0.654236 -0.270120 0.275248
1724138723.792775 0.234861 0.299427 0.364899 0.641713 0.672787 -0.248629 0.271561
1724138723.826109 0.242184 0.279395 0.348203 0.632594 0.698383 -0.215951 0.255836
1724138723.859443 0.248612 0.264053 0.331420 0.629894 0.716390 -0.184693 0.236449
1724138723.892815 0.252752 0.252345 0.316076 0.634389 0.721448 -0.161573 0.225736
1724138723.926149 0.255020 0.245857 0.299795 0.654440 0.711659 -0.134472 0.217179
1724138723.959531 0.256395 0.244707 0.283691 0.678145 0.700174 -0.100307 0.199535
1724138723.992903 0.256843 0.248585 0.270903 0.699555 0.689141 -0.071373 0.174966
1724138724.026236 0.257617 0.257148 0.258973 0.715179 0.682299 -0.037431 0.146918
1724138724.059609 0.259126 0.268868 0.250019 0.723072 0.680999 -0.003270 0.115744
1724138724.092943 0.260218 0.283594 0.243167 0.730236 0.676842 0.028473 0.088484
1724138724.126277 0.260251 0.300580 0.239406 0.733722 0.674699 0.056412 0.057023
1724138724.159630 0.259171 0.320623 0.238250 0.734735 0.672964 0.081939 0.023872
1724138724.192993 0.256376 0.341535 0.239825 0.739078 0.666388 0.098316 -0.005003
1724138724.226374 0.253119 0.365636 0.242987 0.739169 0.662481 0.115644 -0.037071
1724138724.259747 0.249479 0.391047 0.248223 0.737332 0.659755 0.129416 -0.065691
1724138724.326512 0.241928 0.446928 0.263397 0.720888 0.662669 0.160741 -0.123907
1724138724.359884 0.237099 0.475801 0.273254 0.713304 0.661811 0.174512 -0.150828
1724138724.826935 0.213928 0.695413 0.392174 0.683597 0.649941 0.253228 -0.214821
1724138724.926975 0.217205 0.660161 0.381407 0.716248 0.671096 0.163921 -0.098739
1724138724.960318 0.218022 0.644313 0.378526 0.720242 0.675956 0.141670 -0.065304
1724138725.026984 0.217398 0.606543 0.380150 0.746449 0.663348 0.050073 0.016636
1724138725.060318 0.218300 0.587624 0.380379 0.745946 0.663864 0.025554 0.046860
1724138725.093633 0.219046 0.566724 0.381504 0.745790 0.661074 -0.003569 0.082252
1724138725.126957 0.220386 0.545942 0.383901 0.737644 0.666034 -0.026556 0.107583
1724138725.160253 0.222795 0.526485 0.384623 0.720913 0.681264 -0.034692 0.122315
1724138725.193558 0.225815 0.508903 0.383916 0.704575 0.694782 -0.036954 0.139595
1724138725.226852 0.228134 0.494307 0.382282 0.694744 0.700966 -0.035849 0.157139
1724138725.260128 0.229816 0.484396 0.379066 0.692276 0.701293 -0.026276 0.168083
1724138725.293423 0.230357 0.478405 0.374705 0.698160 0.693294 -0.012397 0.178223
1724138725.326719 0.230628 0.476461 0.369336 0.711352 0.677953 0.005923 0.185264
1724138725.360033 0.232087 0.477445 0.361770 0.727192 0.657063 0.035839 0.195387
1724138725.393377 0.235019 0.479961 0.354305 0.740273 0.636197 0.070775 0.205525
1724138725.426729 0.237180 0.482851 0.348400 0.754432 0.612459 0.099483 0.214077
1724138725.460112 0.240130 0.486085 0.343129 0.763336 0.592836 0.130447 0.221013
1724138725.493494 0.245184 0.489223 0.337675 0.765438 0.576209 0.166853 0.232912
1724138725.526896 0.248806 0.492508 0.333725 0.768007 0.559571 0.197371 0.241019
1724138725.560307 0.252104 0.495682 0.330449 0.769638 0.543831 0.224547 0.247958
1724138725.593718 0.256130 0.498053 0.327253 0.765409 0.531295 0.253289 0.260229
1724138725.627130 0.259632 0.499277 0.324825 0.759672 0.521150 0.276963 0.273118
1724138725.660540 0.261917 0.499994 0.322248 0.753373 0.513108 0.297181 0.284312
1724138725.693951 0.262858 0.500265 0.320367 0.747153 0.507962 0.313990 0.291800
1724138725.727363 0.262204 0.499926 0.318673 0.746604 0.498450 0.323091 0.299571
1724138725.760764 0.259043 0.499803 0.315993 0.749604 0.490848 0.325687 0.301812
1724138725.794147 0.254894 0.499846 0.313382 0.751226 0.491852 0.323719 0.298240
1724138725.827538 0.250109 0.499341 0.309978 0.751237 0.497348 0.316758 0.296565
1724138725.860930 0.242838 0.498321 0.306140 0.751771 0.509490 0.302114 0.289806
1724138725.894312 0.234091 0.497937 0.302547 0.751173 0.528822 0.283115 0.275559
1724138725.927685 0.225113 0.498721 0.299113 0.748204 0.551703 0.264792 0.256321
1724138725.961057 0.215155 0.500162 0.296967 0.745280 0.576938 0.241720 0.230808
1724138725.994419 0.205697 0.502259 0.295291 0.742246 0.599650 0.219901 0.202816
1724138726.027771 0.197845 0.505289 0.292539 0.744782 0.611270 0.200816 0.176980
1724138726.061115 0.189611 0.508648 0.290399 0.752298 0.618147 0.174756 0.146293
1724138726.094440 0.181846 0.511378 0.289827 0.759307 0.623885 0.145211 0.114608
1724138726.127764 0.175280 0.513053 0.289494 0.763783 0.629523 0.112895 0.087125
1724138726.161069 0.169456 0.513614 0.291167 0.765244 0.636437 0.076605 0.059003
1724138726.194374 0.164769 0.513554 0.293432 0.763860 0.643147 0.042991 0.032115
1724138726.227659 0.161158 0.512872 0.297457 0.758886 0.651163 0.008858 0.000651
1724138726.260935 0.159069 0.511869 0.301433 0.751167 0.659141 -0.020558 -0.029311
1724138726.294201 0.157644 0.509752 0.305875 0.744399 0.663470 -0.051320 -0.055179
1724138726.327448 0.157536 0.507384 0.310121 0.736167 0.667162 -0.079925 -0.081022
1724138726.360695 0.158575 0.504520 0.313457 0.725523 0.672245 -0.104169 -0.104172
1724138726.393932 0.160672 0.500959 0.317078 0.712348 0.678084 -0.129016 -0.126954
1724138726.427178 0.163755 0.497054 0.320714 0.696992 0.684522 -0.152856 -0.149222
1724138726.460416 0.167518 0.493287 0.324554 0.681630 0.689269 -0.176403 -0.170798
1724138726.493653 0.172321 0.489648 0.328228 0.668146 0.691503 -0.200499 -0.187631
1724138726.526881 0.177337 0.485967 0.330807 0.656447 0.693434 -0.221731 -0.197640
1724138726.560108 0.183580 0.482362 0.333107 0.644666 0.695090 -0.240893 -0.207908
1724138726.593336 0.190984 0.478995 0.333945 0.632597 0.698746 -0.253336 -0.217707
1724138726.626563 0.199309 0.475697 0.332818 0.624778 0.702563 -0.261105 -0.218819
1724138726.659800 0.208358 0.472770 0.330160 0.620359 0.706143 -0.263665 -0.216787
1724138726.693038 0.217740 0.470699 0.326616 0.618897 0.709601 -0.259929 -0.214173
1724138726.726275 0.228080 0.469345 0.322868 0.619450 0.712416 -0.255372 -0.208639
1724138726.759570 0.238526 0.468618 0.319318 0.621678 0.714930 -0.246478 -0.204060
1724138726.792904 0.248817 0.468855 0.316732 0.627623 0.714516 -0.238134 -0.197099
1724138726.826238 0.258737 0.469428 0.315310 0.635241 0.712111 -0.229198 -0.191925
1724138726.859610 0.268319 0.470885 0.313428 0.642583 0.711070 -0.214660 -0.188113
1724138726.892944 0.277852 0.472895 0.310544 0.652861 0.709096 -0.198156 -0.178016
1724138726.926277 0.288013 0.475094 0.306190 0.663979 0.707669 -0.176029 -0.165378
1724138726.959611 0.297782 0.477204 0.301726 0.675684 0.706348 -0.149486 -0.148919
1724138726.992945 0.308920 0.479457 0.298117 0.687494 0.702882 -0.125590 -0.132428
1724138727.026318 0.319820 0.481369 0.295839 0.698904 0.698211 -0.102072 -0.116684
1724138727.059652 0.330337 0.483091 0.294062 0.709835 0.692699 -0.076636 -0.102123
1724138727.092986 0.341640 0.484355 0.290972 0.722916 0.684776 -0.049120 -0.077853
1724138727.126320 0.353373 0.484363 0.286549 0.733447 0.677961 -0.014193 -0.047144
1724138727.159663 0.365991 0.483475 0.283510 0.744349 0.667349 0.019968 -0.013820
1724138727.193017 0.377193 0.480988 0.282937 0.756742 0.651692 0.046417 0.022004
1724138727.226398 0.387230 0.477290 0.283054 0.764879 0.636786 0.077261 0.059112
1724138727.259800 0.396564 0.472879 0.285460 0.769646 0.622650 0.107127 0.092064
1724138727.293211 0.405282 0.467692 0.289442 0.772918 0.608019 0.131584 0.124882
1724138727.326651 0.413658 0.461032 0.293600 0.769556 0.595266 0.163288 0.163640
1724138727.360091 0.420668 0.455427 0.299028 0.764992 0.580227 0.193622 0.201581
1724138727.393532 0.424288 0.449947 0.305634 0.765654 0.557879 0.217108 0.235390
1724138727.426971 0.424994 0.445132 0.312555 0.765746 0.536021 0.238901 0.263136
1724138727.460402 0.423334 0.441338 0.318931 0.764801 0.515065 0.260138 0.286558
1724138727.493823 0.419425 0.437979 0.324916 0.761630 0.495483 0.281775 0.308252
1724138727.527244 0.412967 0.434477 0.329659 0.760011 0.475432 0.298255 0.327705
1724138727.560655 0.403767 0.431251 0.333605 0.759769 0.460500 0.308152 0.340196
1724138727.594057 0.393011 0.429236 0.335688 0.756011 0.452547 0.317886 0.350139
1724138727.627457 0.380516 0.428459 0.336255 0.753495 0.446241 0.324958 0.357095
1724138727.660849 0.365065 0.429380 0.334759 0.755972 0.438033 0.326708 0.360411
1724138727.694241 0.347537 0.431696 0.332209 0.762003 0.433151 0.323722 0.356280
1724138727.727614 0.327058 0.435009 0.328130 0.771846 0.433598 0.312594 0.344284
1724138727.760996 0.303884 0.439339 0.323321 0.782836 0.440200 0.293382 0.327595
1724138727.794359 0.279064 0.443836 0.318805 0.790505 0.457011 0.268070 0.307214
1724138727.827732 0.253806 0.447127 0.313855 0.791838 0.481345 0.241649 0.287935
1724138727.861094 0.228897 0.450310 0.309855 0.789128 0.510241 0.212700 0.267749
1724138727.894467 0.204102 0.453923 0.307184 0.785162 0.540682 0.183236 0.240018
1724138727.927830 0.180162 0.458514 0.305735 0.781345 0.568728 0.152118 0.207146
1724138727.961183 0.158098 0.463649 0.306527 0.776346 0.594783 0.123014 0.168488
1724138727.994516 0.137744 0.468815 0.308560 0.773114 0.613306 0.093826 0.131704
1724138728.027839 0.118060 0.472499 0.312966 0.772752 0.624905 0.054106 0.097057
1724138728.061144 0.101200 0.475726 0.319232 0.765210 0.641208 0.020916 0.053554
1724138728.094430 0.087845 0.477825 0.325514 0.753965 0.656709 -0.007564 0.014594
1724138728.127696 0.076889 0.476918 0.332921 0.742927 0.667921 -0.041588 -0.014551
1724138728.160933 0.068917 0.474691 0.339970 0.726762 0.681966 -0.069576 -0.043572
1724138728.194171 0.063623 0.472019 0.347469 0.706700 0.697246 -0.092628 -0.076438
1724138728.227388 0.060283 0.468725 0.356501 0.688179 0.707379 -0.120162 -0.107639
1724138728.260587 0.059560 0.465103 0.365360 0.670363 0.715114 -0.144899 -0.135018
1724138728.293785 0.061130 0.462015 0.373008 0.653315 0.721671 -0.163700 -0.159917
1724138728.326984 0.064581 0.459217 0.379902 0.640045 0.724677 -0.181997 -0.179058
1724138728.360183 0.070076 0.457442 0.384826 0.631654 0.725407 -0.196535 -0.190190
1724138728.393381 0.077242 0.456179 0.387994 0.627384 0.724992 -0.206350 -0.195436
1724138728.426589 0.086474 0.455900 0.390995 0.624732 0.723370 -0.213745 -0.201890
1724138728.459797 0.097705 0.456097 0.394427 0.623595 0.719999 -0.222224 -0.208202
1724138728.493025 0.110852 0.456384 0.398161 0.623154 0.715858 -0.231396 -0.213734
1724138728.526262 0.125743 0.456859 0.401274 0.622558 0.713030 -0.237897 -0.217748
1724138728.559596 0.142180 0.457333 0.403381 0.621694 0.712057 -0.241454 -0.219479
1724138728.592930 0.160331 0.457875 0.404887 0.621177 0.711617 -0.243870 -0.219701
1724138728.626263 0.179323 0.458932 0.405480 0.621769 0.711488 -0.243701 -0.218628
1724138728.659597 0.198936 0.460187 0.404463 0.626128 0.710388 -0.241461 -0.212155
1724138728.692931 0.219810 0.461382 0.402201 0.633124 0.708488 -0.238018 -0.201361
1724138728.726265 0.241406 0.462287 0.398546 0.640208 0.707752 -0.228916 -0.191881
1724138728.759599 0.263135 0.463125 0.393320 0.649613 0.706601 -0.216638 -0.178286
1724138728.792933 0.284655 0.463330 0.386934 0.660729 0.705118 -0.200146 -0.161826
1724138728.826305 0.306319 0.463492 0.379360 0.672152 0.704040 -0.178787 -0.143435
1724138728.859639 0.327808 0.464020 0.371030 0.683308 0.703111 -0.152688 -0.124142
1724138728.892973 0.348521 0.464390 0.362997 0.696065 0.699632 -0.124635 -0.102345
1724138728.926307 0.367987 0.464741 0.354770 0.708269 0.695295 -0.091980 -0.080376
1724138728.959680 0.385031 0.464745 0.347273 0.722574 0.686562 -0.059201 -0.054908
1724138728.993013 0.399936 0.464154 0.340587 0.737980 0.673689 -0.028389 -0.026873
1724138729.026345 0.412836 0.462191 0.335172 0.750179 0.661224 0.003768 -0.000389
1724138729.059689 0.422157 0.459188 0.332498 0.760613 0.648245 0.026817 0.022979
1724138729.093052 0.429250 0.455565 0.328982 0.766002 0.638610 0.053456 0.050606
1724138729.126435 0.432094 0.451603 0.326935 0.772054 0.626194 0.075974 0.077727
1724138729.159827 0.430729 0.448359 0.327309 0.780433 0.611541 0.085737 0.097934
1724138729.193238 0.428334 0.445674 0.326025 0.785851 0.596902 0.100594 0.126601
1724138729.226648 0.424039 0.443576 0.325329 0.792543 0.579243 0.112768 0.153739
1724138729.260069 0.416636 0.441559 0.325773 0.800378 0.559763 0.115809 0.180689
1724138729.293490 0.409569 0.439779 0.325342 0.799097 0.549676 0.125841 0.208481
1724138729.326901 0.400045 0.438974 0.326421 0.799209 0.539639 0.129243 0.230978
1724138729.360313 0.388106 0.439178 0.328121 0.800329 0.529223 0.128322 0.250857
1724138729.393714 0.376030 0.442122 0.329820 0.798696 0.525967 0.132389 0.260610
1724138729.427115 0.363202 0.446401 0.331307 0.799142 0.518184 0.135008 0.273185
1724138729.460507 0.350520 0.451424 0.332684 0.800621 0.507790 0.137242 0.286914
1724138729.493909 0.338207 0.457870 0.332923 0.800740 0.497479 0.145153 0.300434
1724138729.527291 0.325623 0.465912 0.332475 0.801194 0.487656 0.155357 0.310072
1724138729.560673 0.310709 0.475482 0.332149 0.803681 0.482168 0.159335 0.310198
1724138729.594055 0.293773 0.485175 0.332080 0.805204 0.481606 0.157763 0.307916
1724138729.627427 0.276055 0.494737 0.331902 0.803161 0.486557 0.152003 0.308365
1724138729.660810 0.258324 0.503786 0.332129 0.796325 0.498469 0.145095 0.310392
1724138729.694173 0.241416 0.512423 0.332639 0.784718 0.515656 0.137556 0.315270
1724138729.727536 0.225525 0.521095 0.334196 0.769393 0.536911 0.129671 0.320854
1724138729.760899 0.210552 0.530515 0.336000 0.753240 0.559348 0.123242 0.323374
1724138729.794252 0.195852 0.541711 0.337518 0.739466 0.580400 0.119815 0.319329
1724138729.827614 0.181172 0.554342 0.338324 0.732877 0.593316 0.114999 0.312479
1724138729.860958 0.167427 0.566389 0.338228 0.730382 0.597697 0.110775 0.311496
1724138729.894301 0.155363 0.577870 0.337560 0.728527 0.597602 0.106823 0.317347
1724138729.927635 0.144433 0.589379 0.335842 0.724752 0.600815 0.106453 0.320037
1724138729.960969 0.133824 0.601110 0.333584 0.721281 0.607313 0.106690 0.315502
1724138729.994302 0.124156 0.611165 0.331303 0.719780 0.607673 0.104555 0.318935
1724138730.027635 0.116088 0.620521 0.328278 0.714468 0.611058 0.106813 0.323628
1724138730.060960 0.109341 0.630008 0.325185 0.704809 0.622908 0.113210 0.320021
1724138730.094294 0.101842 0.638117 0.322455 0.697307 0.631067 0.114876 0.319878
1724138730.127628 0.094697 0.645923 0.320218 0.688657 0.641765 0.116473 0.316739
1724138730.160962 0.087450 0.653496 0.318112 0.678337 0.656231 0.120157 0.307866
1724138730.194296 0.080403 0.660273 0.316610 0.667836 0.670152 0.122527 0.299798
1724138730.227629 0.072007 0.666300 0.315349 0.654655 0.688877 0.124678 0.285187
1724138730.260963 0.063130 0.672575 0.315359 0.639815 0.711828 0.125538 0.261108
1724138730.294297 0.053654 0.679734 0.315514 0.620917 0.738849 0.131347 0.226524
1724138730.327621 0.043622 0.686367 0.316049 0.607577 0.758334 0.135658 0.193328
1724138730.360945 0.036100 0.692860 0.316112 0.593859 0.772929 0.148311 0.167081
1724138730.427564 0.025735 0.710368 0.312456 0.552587 0.802677 0.202128 0.097479
1724138730.460879 0.021122 0.719247 0.311454 0.542083 0.805367 0.230159 0.067506
1724138730.494203 0.016868 0.727737 0.310127 0.539421 0.800591 0.258312 0.036801
1724138731.561407 0.287882 0.638274 0.320672 0.521990 0.652411 0.444835 0.322503
1724138731.594770 0.287281 0.632497 0.318510 0.533418 0.640408 0.441039 0.332908
1724138731.628132 0.285070 0.625673 0.314344 0.549680 0.628699 0.428252 0.345239
1724138731.661485 0.282001 0.618056 0.309672 0.569540 0.614661 0.411560 0.358378
1724138731.694839 0.276653 0.610896 0.303750 0.593073 0.598824 0.391070 0.369782
1724138731.728192 0.270380 0.603564 0.298052 0.617048 0.582462 0.368094 0.380128
1724138731.761545 0.265199 0.598362 0.294797 0.629382 0.572859 0.351457 0.390113
1724138731.794899 0.262087 0.596522 0.291451 0.613965 0.589946 0.353252 0.387586
1724138731.828232 0.259397 0.597761 0.288744 0.585090 0.620477 0.361719 0.376612
1724138731.861585 0.255421 0.599450 0.287241 0.551365 0.655493 0.368030 0.361772
1724138731.894928 0.249913 0.600711 0.285572 0.515545 0.695166 0.365774 0.342297
1724138731.928272 0.242920 0.601083 0.284354 0.488960 0.727843 0.353503 0.325881
1724138731.961626 0.236227 0.602137 0.283472 0.459741 0.760071 0.340418 0.308295
1724138731.994968 0.228942 0.602130 0.281891 0.422792 0.794405 0.328420 0.286893
1724138732.061664 0.216065 0.605992 0.279432 0.347182 0.850693 0.306260 0.248978
1724138732.095008 0.209124 0.608762 0.279409 0.304912 0.878275 0.290558 0.226358
1724138732.128342 0.201441 0.608356 0.279987 0.275643 0.896384 0.274848 0.212073
1724138732.161676 0.193668 0.610392 0.279975 0.248568 0.913190 0.258406 0.193714
1724138732.195010 0.184614 0.610574 0.280133 0.228165 0.926658 0.241906 0.175289
1724138732.294963 0.154811 0.612987 0.281901 0.220429 0.944524 0.206648 0.128769
1724138732.328268 0.144622 0.614431 0.282152 0.237299 0.943989 0.198350 0.115031
1724138732.361582 0.134128 0.616789 0.280936 0.252302 0.943264 0.194815 0.092974
1724138732.394887 0.125036 0.618835 0.281195 0.267316 0.941674 0.190707 0.073632
1724138732.428191 0.118376 0.620833 0.282168 0.278913 0.940983 0.183644 0.055076
1724138732.461496 0.112950 0.621381 0.284189 0.282131 0.943002 0.173044 0.034719
1724138732.494792 0.108972 0.619640 0.287446 0.287983 0.944411 0.157736 0.016495
1724138732.528087 0.105804 0.617760 0.292512 0.300127 0.944149 0.136020 -0.002119
1724138732.561363 0.101514 0.615988 0.296832 0.321483 0.939437 0.117342 -0.018396
1724138732.594629 0.096748 0.614232 0.300119 0.355215 0.928489 0.102517 -0.034923
1724138732.627885 0.092621 0.613434 0.303926 0.400202 0.911019 0.086634 -0.048752
1724138732.661142 0.089566 0.613868 0.306162 0.448322 0.888600 0.075698 -0.060563
1724138732.694398 0.088793 0.612552 0.308122 0.495479 0.863659 0.064341 -0.066737
1724138732.727626 0.091247 0.611825 0.309083 0.536868 0.839114 0.054723 -0.068308
1724138732.760863 0.095203 0.610137 0.307932 0.570081 0.816533 0.054576 -0.072824
1724138732.794101 0.100571 0.607578 0.307140 0.604442 0.791589 0.048585 -0.075335
1724138732.827337 0.106432 0.603303 0.305872 0.650385 0.755598 0.037550 -0.068267
1724138732.860584 0.112924 0.600777 0.305266 0.696539 0.713883 0.025103 -0.067631
1724138732.893850 0.119770 0.598278 0.305102 0.738977 0.669818 0.012118 -0.071487
1724138732.927126 0.127352 0.594013 0.305372 0.780891 0.621108 -0.006139 -0.066300
1724138732.960422 0.136986 0.589271 0.304923 0.814026 0.577097 -0.018527 -0.063072
1724138732.993716 0.147606 0.583591 0.302325 0.839916 0.539294 -0.022019 -0.056728
1724138733.027020 0.158333 0.576042 0.298547 0.859954 0.507871 -0.023340 -0.044730
1724138733.060325 0.168438 0.567514 0.295560 0.875418 0.481397 -0.024323 -0.036170
1724138733.093640 0.177510 0.559515 0.293464 0.890863 0.452342 -0.031691 -0.027306
1724138733.126974 0.185181 0.552176 0.292113 0.904781 0.423576 -0.039395 -0.020081
1724138733.160298 0.192462 0.546127 0.290882 0.917693 0.394328 -0.046405 -0.013871
1724138733.193632 0.199936 0.541227 0.289922 0.927323 0.370881 -0.049011 -0.010805
1724138733.226974 0.207785 0.536557 0.288088 0.932177 0.359453 -0.042535 -0.005577
1724138733.260328 0.215822 0.531906 0.285388 0.932228 0.360501 -0.031172 0.004357
1724138733.293681 0.223118 0.527911 0.283203 0.928280 0.371158 -0.018322 0.014213
1724138733.327025 0.229238 0.524794 0.282251 0.919120 0.393494 -0.002244 0.019384
1724138733.360388 0.233958 0.523200 0.282432 0.906373 0.421632 0.008997 0.025172
1724138733.393741 0.237336 0.522974 0.283968 0.891013 0.452875 0.018362 0.025758
1724138733.427094 0.239761 0.523868 0.285566 0.871851 0.488194 0.028982 0.026511
1724138733.460447 0.241542 0.524580 0.286899 0.847800 0.528003 0.038983 0.030466
1724138733.493791 0.243213 0.525230 0.288418 0.819199 0.570539 0.047025 0.034459
1724138733.527134 0.245028 0.525904 0.289496 0.784417 0.616361 0.056216 0.040347
1724138733.560478 0.247585 0.526098 0.290365 0.741850 0.665698 0.065638 0.046869
1724138733.593812 0.249736 0.527202 0.291806 0.695472 0.712985 0.072539 0.052059
1724138733.627135 0.250839 0.529849 0.294046 0.650936 0.753414 0.074851 0.055193
1724138733.660440 0.250640 0.533617 0.296757 0.611064 0.785962 0.074017 0.058182
1724138733.693745 0.249243 0.538141 0.299524 0.574206 0.813138 0.073574 0.060663
1724138733.727041 0.247080 0.543457 0.302875 0.537651 0.837831 0.071244 0.062410
1724138733.760346 0.244781 0.548609 0.306194 0.496155 0.863130 0.069567 0.063220
1724138733.793660 0.242665 0.553572 0.309335 0.452333 0.886843 0.068291 0.065121
1724138733.826983 0.239586 0.558102 0.312974 0.409231 0.907793 0.063581 0.066337
1724138733.860308 0.236027 0.561783 0.316251 0.367650 0.925466 0.057923 0.070644
1724138733.893661 0.231775 0.564585 0.319782 0.327838 0.940542 0.049646 0.073749
1724138733.927015 0.226487 0.566839 0.323425 0.292504 0.952423 0.039429 0.076008
1724138733.960378 0.220962 0.568503 0.326147 0.263232 0.960645 0.031418 0.082959
1724138733.993740 0.215029 0.569240 0.329025 0.234206 0.968183 0.021146 0.085574
1724138734.027092 0.208752 0.569469 0.331889 0.210821 0.973364 0.010455 0.089486
1724138734.060445 0.202228 0.569139 0.334488 0.193264 0.976631 0.000059 0.094028
1724138734.093818 0.194658 0.568262 0.336635 0.179523 0.979227 -0.009944 0.093744
1724138734.127191 0.186164 0.567516 0.338229 0.178574 0.979236 -0.018128 0.094230
1724138734.160554 0.175701 0.566365 0.339748 0.193078 0.976237 -0.028343 0.094232
1724138734.193917 0.164257 0.565176 0.341073 0.216571 0.971215 -0.039876 0.090817
1724138734.227279 0.152504 0.564244 0.341611 0.247081 0.963689 -0.049045 0.088590
1724138734.260632 0.139915 0.563510 0.342009 0.283404 0.953682 -0.058383 0.082242
1724138734.293956 0.126711 0.563868 0.341769 0.326808 0.939722 -0.065908 0.075988
1724138734.327252 0.113449 0.565149 0.341432 0.372271 0.922872 -0.072534 0.066793
1724138734.360537 0.100750 0.567259 0.341262 0.418141 0.903373 -0.077507 0.055382
1724138734.393794 0.088965 0.570738 0.341621 0.464811 0.880347 -0.084071 0.043271
1724138734.427021 0.078755 0.574744 0.342366 0.510256 0.854862 -0.088979 0.030532
1724138734.460239 0.070630 0.579593 0.343277 0.553880 0.827342 -0.092288 0.014300
1724138734.493437 0.064277 0.584909 0.343921 0.599119 0.794863 -0.096048 0.004884
1724138734.526646 0.060096 0.590189 0.343157 0.641596 0.761137 -0.094911 -0.004094
1724138734.559864 0.057841 0.595579 0.343099 0.683063 0.723845 -0.095977 -0.016168
1724138734.593120 0.057684 0.600418 0.342384 0.724301 0.682003 -0.099096 -0.020981
1724138734.626425 0.058962 0.604590 0.341116 0.760460 0.641176 -0.099295 -0.027101
1724138734.659759 0.062245 0.607628 0.339551 0.793366 0.599834 -0.098540 -0.032550
1724138734.693093 0.067189 0.609501 0.337461 0.823920 0.556893 -0.099832 -0.032547
1724138734.726427 0.073133 0.610313 0.335679 0.850446 0.515360 -0.099566 -0.035116
1724138734.759770 0.080332 0.610644 0.333696 0.874053 0.474174 -0.099162 -0.036854
1724138734.793123 0.088154 0.610068 0.331614 0.895148 0.433219 -0.098543 -0.036332
1724138734.826486 0.096701 0.608327 0.329829 0.913399 0.393234 -0.098971 -0.035689
1724138734.859848 0.105311 0.606067 0.328234 0.928550 0.355904 -0.099322 -0.035534
1724138734.893221 0.114741 0.602399 0.326643 0.939465 0.327003 -0.095979 -0.035539
1724138734.926604 0.124197 0.597479 0.324312 0.946125 0.309284 -0.090207 -0.032472
1724138734.959996 0.133232 0.591365 0.321766 0.949272 0.301917 -0.083459 -0.027638
1724138734.993396 0.141695 0.585039 0.319504 0.949657 0.303242 -0.075234 -0.023171
1724138735.026777 0.150112 0.579057 0.317440 0.947031 0.314070 -0.064077 -0.019643
1724138735.060169 0.158389 0.573579 0.315440 0.940440 0.335604 -0.052062 -0.015255
1724138735.093552 0.166443 0.568661 0.314093 0.930615 0.363498 -0.041165 -0.011390
1724138735.126934 0.174765 0.564104 0.312562 0.916174 0.399891 -0.025179 -0.008856
1724138735.160297 0.183256 0.560065 0.310709 0.898105 0.439640 -0.011062 -0.001211
1724138735.193650 0.191833 0.556733 0.309705 0.877636 0.479312 0.001546 0.003498
1724138735.227003 0.200560 0.553423 0.308531 0.852679 0.522109 0.017162 0.006797
1724138735.260346 0.210116 0.550147 0.307033 0.824664 0.564515 0.032148 0.014758
1724138735.293690 0.219989 0.546347 0.305435 0.793689 0.605999 0.048494 0.021702
1724138735.327034 0.230157 0.541875 0.303678 0.759102 0.646926 0.066205 0.029466
1724138735.360377 0.240742 0.537082 0.301965 0.722596 0.685040 0.082604 0.041857
1724138735.393720 0.251009 0.531978 0.300330 0.685926 0.718919 0.097488 0.056190
1724138735.427044 0.260261 0.527144 0.299351 0.655035 0.744258 0.109813 0.070360
1724138735.460368 0.266735 0.522205 0.298912 0.633686 0.759917 0.117581 0.084518
1724138735.493693 0.269980 0.517224 0.299350 0.624224 0.765898 0.118560 0.098432
1724138735.527017 0.269017 0.511981 0.300193 0.627311 0.761886 0.114785 0.113294
1724138735.560342 0.264424 0.506796 0.301948 0.637346 0.752822 0.105298 0.126340
1724138735.593684 0.256793 0.502078 0.303944 0.652680 0.738789 0.092948 0.139855
1724138735.627009 0.246692 0.498726 0.305222 0.671775 0.719762 0.081051 0.155216
1724138735.660343 0.233938 0.496925 0.305876 0.695178 0.695002 0.068682 0.170245
1724138735.693667 0.218600 0.497076 0.306537 0.720053 0.667378 0.053124 0.182506
1724138735.726991 0.201532 0.499476 0.307525 0.741899 0.642136 0.035786 0.189650
1724138735.760325 0.183127 0.504041 0.308168 0.760720 0.619047 0.019482 0.194183
1724138735.793658 0.165516 0.510172 0.307786 0.776246 0.597121 0.006750 0.202096
1724138735.826992 0.148463 0.517680 0.306883 0.786791 0.581592 -0.001643 0.206659
1724138735.860326 0.131960 0.526309 0.306514 0.796797 0.564263 -0.015356 0.215605
1724138735.893660 0.116616 0.536426 0.305758 0.805557 0.547573 -0.027154 0.224730
1724138735.926985 0.102574 0.548783 0.304937 0.814061 0.533893 -0.033859 0.226091
1724138735.960309 0.089815 0.561802 0.303422 0.823108 0.516326 -0.038705 0.233246
1724138735.993623 0.078346 0.575427 0.301805 0.832509 0.497628 -0.042963 0.239687
1724138736.026936 0.069182 0.589165 0.299490 0.838698 0.486463 -0.038477 0.241785
1724138736.060241 0.062097 0.602361 0.295912 0.841920 0.477947 -0.027470 0.248963
1724138736.093546 0.056549 0.615179 0.292442 0.843005 0.475214 -0.013544 0.251656
1724138736.126861 0.052667 0.628207 0.288306 0.838136 0.487499 0.010023 0.244483
1724138736.160195 0.050659 0.641756 0.285303 0.829980 0.508180 0.032723 0.227629
1724138736.193518 0.050531 0.655027 0.282056 0.819794 0.529455 0.056941 0.210651
1724138736.894515 0.302253 0.642414 0.312950 0.488288 0.807531 0.283820 0.170045
1724138736.994574 0.299767 0.576704 0.310592 0.544189 0.807033 0.157422 0.166659
1724138737.027917 0.295523 0.560594 0.309698 0.564191 0.802624 0.122587 0.149855
1724138737.061241 0.289510 0.547234 0.308322 0.590805 0.790091 0.092319 0.134843
1724138737.094556 0.281602 0.536960 0.308173 0.618374 0.775447 0.059985 0.112684
1724138737.127861 0.273468 0.530915 0.308054 0.642989 0.760368 0.036435 0.084131
1724138737.161137 0.266028 0.528976 0.307141 0.664282 0.745265 0.022764 0.052834
1724138737.194393 0.258834 0.530310 0.306617 0.684164 0.728920 0.010990 0.021798
1724138737.227649 0.252622 0.535107 0.305100 0.700570 0.713465 0.008266 -0.010042
1724138737.260896 0.249160 0.542831 0.302079 0.712211 0.700591 0.015838 -0.040946
1724138737.294163 0.247348 0.552938 0.297864 0.719470 0.690569 0.030596 -0.067390
1724138737.327439 0.247915 0.565691 0.293874 0.721581 0.683126 0.053567 -0.098946
1724138737.360715 0.250395 0.580724 0.289758 0.726790 0.671256 0.079542 -0.121926
1724138737.427314 0.262936 0.614598 0.280504 0.731198 0.647063 0.147939 -0.157391
1724138738.194387 0.463456 0.502327 0.257972 0.671518 0.733523 0.042474 0.095931
1724138738.227692 0.452226 0.492274 0.261404 0.671856 0.736625 0.005960 0.077186
1724138738.260978 0.440069 0.483673 0.264741 0.670563 0.739243 -0.025174 0.056838
1724138738.294254 0.427111 0.477808 0.268206 0.665786 0.743681 -0.051948 0.031111
1724138738.327511 0.413292 0.474974 0.271452 0.658310 0.749599 -0.068748 -0.001717
1724138738.360748 0.399644 0.476249 0.274264 0.656800 0.748816 -0.081509 -0.035296
1724138738.393984 0.385739 0.480288 0.278883 0.658933 0.742669 -0.096613 -0.070112
1724138738.427222 0.372101 0.487490 0.282176 0.660862 0.736207 -0.101285 -0.104893
1724138738.460459 0.360472 0.498387 0.285390 0.663374 0.727683 -0.101792 -0.141602
1724138738.493716 0.350935 0.510282 0.288092 0.667750 0.717130 -0.096919 -0.174476
1724138738.526972 0.344228 0.524796 0.288880 0.674338 0.704559 -0.087335 -0.203072
1724138739.427284 0.467238 0.425463 0.271644 0.640801 0.765322 0.036863 0.047929
1724138739.460599 0.454732 0.411580 0.271158 0.653910 0.754412 0.012005 0.055849
1724138739.493904 0.440759 0.400152 0.271483 0.663550 0.746154 -0.013162 0.052748
1724138739.527189 0.426397 0.391433 0.272379 0.668678 0.741784 -0.034491 0.037898
1724138739.560465 0.410998 0.384745 0.272008 0.676411 0.734236 -0.051886 0.025952
1724138739.593721 0.395286 0.381260 0.274451 0.683353 0.726237 -0.074864 0.001876
1724138739.626987 0.380042 0.381405 0.274840 0.690780 0.717639 -0.085592 -0.022133
1724138739.660244 0.364831 0.384890 0.274202 0.699245 0.707737 -0.087594 -0.049920
1724138739.693501 0.352111 0.391993 0.273671 0.705034 0.699273 -0.083368 -0.083627
1724138739.726777 0.342071 0.402738 0.269390 0.709549 0.693763 -0.065188 -0.104807
1724138739.793357 0.329000 0.431245 0.258682 0.709172 0.689302 -0.000569 -0.148114
1724138739.826672 0.326619 0.447596 0.255773 0.706942 0.687731 0.029319 -0.162477
1724138739.860005 0.326955 0.462228 0.251926 0.701890 0.688630 0.062271 -0.171062
1724138739.893339 0.329295 0.477610 0.249205 0.696691 0.691859 0.092268 -0.165650
1724138740.327142 0.440676 0.506805 0.269777 0.630978 0.739982 0.232373 -0.017169
1724138740.393887 0.445302 0.470660 0.270769 0.637049 0.746138 0.193235 0.010369
1724138740.427249 0.445342 0.452317 0.271392 0.641454 0.747179 0.172953 0.018631
1724138740.460613 0.443699 0.433415 0.271474 0.651760 0.742969 0.149887 0.027209
1724138740.493956 0.439792 0.415782 0.272170 0.662696 0.737207 0.127878 0.031727
1724138740.527300 0.433790 0.399832 0.272200 0.672530 0.730941 0.111504 0.031543
1724138740.560644 0.425629 0.384667 0.272624 0.687614 0.719641 0.091304 0.031093
1724138740.593967 0.415212 0.371399 0.274092 0.700225 0.710029 0.069628 0.026396
1724138740.627281 0.403704 0.358955 0.275017 0.710004 0.702025 0.051023 0.021258
1724138740.660596 0.390605 0.348250 0.276134 0.718099 0.694980 0.032726 0.016284
1724138740.693901 0.376114 0.339791 0.277214 0.722611 0.690997 0.017325 0.007462
1724138740.727216 0.360245 0.334189 0.278558 0.725573 0.688121 0.002975 -0.004966
1724138740.760511 0.342889 0.331877 0.280781 0.729143 0.683916 -0.011569 -0.021806
1724138740.793806 0.325788 0.333097 0.282968 0.732018 0.679651 -0.022640 -0.041380
1724138740.827082 0.309687 0.337090 0.283945 0.734067 0.675893 -0.027339 -0.059728
1724138740.860367 0.295641 0.343821 0.283792 0.732580 0.675539 -0.024227 -0.079913
1724138740.893653 0.284191 0.353826 0.282185 0.730868 0.675360 -0.013657 -0.097648
1724138740.926939 0.274549 0.366335 0.279690 0.731379 0.672326 0.002584 -0.114260
1724138740.960234 0.267467 0.381293 0.277029 0.731376 0.668577 0.025304 -0.132112
1724138740.993528 0.263213 0.397708 0.273814 0.733013 0.662713 0.051566 -0.144372
1724138741.026823 0.261625 0.414801 0.270718 0.733000 0.657473 0.082504 -0.153733
1724138741.060147 0.263224 0.430833 0.267257 0.729981 0.653943 0.117819 -0.160018
1724138741.093481 0.267518 0.445333 0.264823 0.725741 0.651636 0.150656 -0.161162
1724138741.160169 0.281512 0.468769 0.260825 0.705079 0.657359 0.218980 -0.150966
1724138741.193530 0.290342 0.476150 0.259456 0.694997 0.662477 0.243793 -0.136636
1724138741.226893 0.300677 0.477662 0.258128 0.682886 0.667864 0.269013 -0.123520
1724138741.260276 0.309621 0.479551 0.258745 0.671729 0.675378 0.285897 -0.104435
1724138741.327060 0.325341 0.474442 0.262649 0.653732 0.690524 0.301845 -0.068571
1724138741.360452 0.331282 0.468126 0.265693 0.655038 0.693840 0.295359 -0.047692
1724138741.393852 0.334915 0.459300 0.267970 0.657457 0.695271 0.289367 -0.024792
1724138741.427235 0.336802 0.446885 0.271322 0.669267 0.693597 0.266463 0.001823
1724138741.460627 0.337488 0.433639 0.275693 0.672196 0.697512 0.247017 0.024734
1724138741.494009 0.336967 0.420066 0.278868 0.669860 0.703401 0.233369 0.045316
1724138741.527382 0.334334 0.404834 0.283072 0.674296 0.704782 0.210466 0.065662
1724138741.560745 0.330132 0.391276 0.287551 0.676774 0.706735 0.190058 0.079872
1724138741.594116 0.324293 0.378935 0.290707 0.679749 0.706180 0.176467 0.090053
1724138741.627470 0.314519 0.366496 0.294271 0.695199 0.695469 0.150090 0.102444
1724138741.660823 0.301826 0.356006 0.298660 0.708897 0.686961 0.120903 0.104560
1724138741.694167 0.288158 0.347034 0.301654 0.720160 0.679265 0.096912 0.102847
1724138741.727501 0.273327 0.337953 0.303923 0.733591 0.667675 0.069186 0.106155
1724138741.760825 0.257881 0.329774 0.305244 0.739204 0.663986 0.046345 0.102718
1724138741.794148 0.242176 0.322159 0.305444 0.742482 0.661867 0.025156 0.100097
1724138741.827463 0.225837 0.315520 0.305551 0.742894 0.662749 0.002617 0.094153
1724138741.860768 0.208981 0.310506 0.305346 0.739745 0.667598 -0.016514 0.082571
1724138741.894063 0.191709 0.307632 0.304760 0.735151 0.673989 -0.031637 0.065511
1724138741.927339 0.174841 0.307893 0.304458 0.732490 0.677594 -0.046821 0.046183
1724138741.960604 0.159750 0.311151 0.302413 0.729600 0.681314 -0.052500 0.027190
1724138741.993851 0.146421 0.318426 0.298337 0.727547 0.684364 -0.047779 0.006169
1724138742.027098 0.135171 0.328880 0.293465 0.730580 0.681648 -0.037717 -0.013675
1724138742.060335 0.126494 0.342543 0.287484 0.735176 0.676771 -0.022179 -0.031702
1724138742.093592 0.120382 0.358622 0.280793 0.737713 0.673156 0.003063 -0.051297
1724138742.126858 0.117102 0.376743 0.274870 0.741819 0.666573 0.029982 -0.066981
1724138742.160134 0.115660 0.395584 0.269729 0.745477 0.658960 0.058003 -0.081673
1724138742.193429 0.116039 0.415535 0.266159 0.746017 0.652982 0.088033 -0.096555
1724138742.226753 0.118543 0.434501 0.264119 0.744825 0.647889 0.115844 -0.109799
1724138742.260087 0.121621 0.453925 0.263570 0.742876 0.643977 0.140429 -0.117084
1724138742.293440 0.127103 0.470576 0.263446 0.740890 0.640596 0.162693 -0.119371
1724138742.326813 0.133977 0.485710 0.263087 0.738739 0.637588 0.185364 -0.115700
1724138742.360186 0.142615 0.500211 0.262849 0.736377 0.634806 0.208534 -0.106228
1724138742.393576 0.152148 0.510982 0.263559 0.735781 0.630890 0.227483 -0.094101
1724138742.426978 0.160624 0.519153 0.264614 0.737161 0.626185 0.241179 -0.079488
1724138742.460399 0.169097 0.524553 0.266416 0.739289 0.621482 0.250881 -0.065353
1724138742.493829 0.176215 0.526576 0.268434 0.741669 0.618596 0.254405 -0.050440
1724138742.527270 0.181957 0.524835 0.270121 0.740770 0.620722 0.254499 -0.034551
1724138742.560691 0.187176 0.519710 0.271116 0.735136 0.627796 0.255075 -0.019588
1724138742.594101 0.190844 0.511437 0.271814 0.729038 0.636955 0.250562 -0.003280
1724138742.627513 0.192797 0.500154 0.272395 0.724667 0.645384 0.241157 0.013454
1724138742.660914 0.192800 0.486773 0.272891 0.720707 0.653423 0.230016 0.026668
1724138742.694306 0.190800 0.472629 0.273316 0.719186 0.659014 0.216875 0.037921
1724138742.727698 0.186774 0.457954 0.273894 0.719140 0.663127 0.202552 0.045535
1724138742.761071 0.180988 0.443166 0.274332 0.721466 0.664885 0.186426 0.051579
1724138742.794443 0.173374 0.428256 0.274570 0.725377 0.665150 0.168015 0.056337
1724138742.827806 0.163985 0.414069 0.274194 0.730109 0.664087 0.150196 0.058051
1724138742.861159 0.152439 0.400821 0.273315 0.736648 0.660868 0.131414 0.057728
1724138742.894493 0.139176 0.389121 0.272668 0.743310 0.657355 0.111493 0.054255
1724138742.927827 0.124658 0.379679 0.271661 0.748921 0.654258 0.092870 0.049389
1724138742.961150 0.108986 0.372019 0.270117 0.754473 0.650486 0.075758 0.043577
1724138742.994455 0.093153 0.367500 0.268364 0.757600 0.648767 0.062752 0.034722
1724138743.027750 0.076868 0.365204 0.266601 0.761282 0.646003 0.049796 0.025501
1724138743.061035 0.060862 0.365515 0.264808 0.765004 0.642771 0.037686 0.013953
1724138743.094301 0.046092 0.367944 0.262205 0.765871 0.642221 0.031525 0.000112
1724138743.127568 0.033512 0.372620 0.258628 0.766210 0.641792 0.029823 -0.011644
1724138743.160825 0.022965 0.378655 0.253798 0.767484 0.639984 0.031635 -0.019694
1724138743.194080 0.014983 0.386746 0.248012 0.769602 0.636941 0.037002 -0.025479
1724138743.227346 0.008657 0.395714 0.241329 0.772931 0.632301 0.044237 -0.028573
1724138743.260613 0.004118 0.405602 0.234664 0.776545 0.627033 0.053082 -0.031458
1724138743.293889 0.000745 0.415865 0.228304 0.779390 0.622532 0.061884 -0.034288
1724138743.327165 -0.001422 0.426212 0.222383 0.779939 0.620581 0.071979 -0.037338
1724138743.360451 -0.002221 0.436233 0.217061 0.778223 0.621066 0.083472 -0.040960
1724138743.860477 0.048458 0.435941 0.185449 0.744166 0.649166 0.143312 0.065284
1724138743.927203 0.054137 0.421639 0.190527 0.738218 0.653939 0.143863 0.081862
1724138743.960565 0.055445 0.413833 0.194202 0.733736 0.658187 0.142712 0.089748
1724138743.993937 0.055708 0.405763 0.198164 0.728610 0.663084 0.140478 0.098552
1724138744.027300 0.055053 0.398423 0.202733 0.722020 0.669852 0.139738 0.102265
1724138744.060653 0.053079 0.391419 0.207805 0.718531 0.674224 0.135464 0.103850
1724138744.094006 0.050506 0.384281 0.211896 0.716078 0.676938 0.131816 0.107760
1724138744.127350 0.047939 0.377937 0.215307 0.713391 0.679425 0.130477 0.111490
1724138744.160694 0.044730 0.372229 0.218119 0.710999 0.681765 0.130242 0.112758
1724138744.194017 0.040317 0.366926 0.220714 0.708508 0.684864 0.129743 0.110202
1724138744.227351 0.035440 0.362708 0.223597 0.706222 0.688335 0.130556 0.101981
1724138744.260675 0.029927 0.358181 0.226104 0.705582 0.689630 0.133878 0.092965
1724138744.294000 0.024128 0.353507 0.228542 0.709392 0.686100 0.137220 0.084859
1724138744.327314 0.017359 0.347873 0.230998 0.714923 0.680927 0.139577 0.075773
1724138744.360619 0.010167 0.341669 0.233832 0.719178 0.677710 0.138994 0.064597
1724138744.393933 0.003162 0.335003 0.236353 0.720216 0.677536 0.139192 0.053479
1724138744.427238 -0.003341 0.327984 0.237463 0.717194 0.680908 0.141689 0.043824
1724138744.460552 -0.008565 0.321887 0.237810 0.708180 0.689285 0.149443 0.032163
1724138744.493848 -0.012723 0.317018 0.237064 0.696242 0.698843 0.162479 0.021602
1724138744.527163 -0.016409 0.312520 0.235521 0.689046 0.703669 0.172496 0.017654
1724138744.560477 -0.020893 0.306715 0.233420 0.695163 0.698189 0.169450 0.023816
1724138744.593791 -0.025285 0.299381 0.231116 0.704433 0.689785 0.164165 0.031937
1724138744.627096 -0.028862 0.292759 0.228320 0.710459 0.683194 0.164233 0.038996
1724138744.660420 -0.033059 0.285489 0.225867 0.715997 0.678385 0.158283 0.045711
1724138744.693744 -0.036756 0.278614 0.223712 0.717146 0.677944 0.154252 0.047953
1724138744.727069 -0.040130 0.272865 0.221108 0.716581 0.678721 0.153611 0.047466
1724138744.760383 -0.043534 0.267452 0.218766 0.719352 0.676677 0.150007 0.046245
1724138744.793688 -0.046344 0.262755 0.216071 0.723089 0.673154 0.147963 0.045973
1724138744.826993 -0.048563 0.259082 0.213136 0.726499 0.669671 0.147146 0.045700
1724138744.860298 -0.050551 0.255547 0.210133 0.733502 0.662981 0.141771 0.048286
1724138744.893603 -0.051285 0.252432 0.206832 0.738014 0.658182 0.139465 0.051783
1724138744.926908 -0.050856 0.249377 0.203183 0.739914 0.655541 0.140186 0.056048
1724138744.960212 -0.050507 0.245416 0.199728 0.743230 0.652324 0.135307 0.061438
1724138745.060145 -0.046572 0.230794 0.188356 0.742784 0.651235 0.130290 0.084797
1724138745.193403 -0.043873 0.218844 0.178219 0.746350 0.646307 0.122946 0.100662
