1724138701.989326 0.227454 0.728114 0.335425 0.696787 0.712945 0.077598 -0.013226
1724138702.022671 0.229531 0.713085 0.332401 0.694703 0.715076 0.076932 -0.011661
1724138702.056024 0.230622 0.695465 0.329651 0.695612 0.714347 0.075392 -0.012206
1724138702.089368 0.231288 0.676833 0.326615 0.695369 0.714263 0.077834 -0.015245
1724138702.122713 0.231161 0.656081 0.324549 0.700389 0.709884 0.072546 -0.016005
1724138702.156066 0.230867 0.632036 0.322611 0.706378 0.704696 0.065552 -0.011655
1724138702.189410 0.230976 0.606842 0.320467 0.709802 0.701821 0.059664 -0.008276
1724138702.222744 0.230938 0.578316 0.317424 0.711944 0.700322 0.051825 0.000220
1724138702.256078 0.232308 0.548187 0.314652 0.714533 0.698265 0.038811 0.019002
1724138702.289413 0.233483 0.517200 0.311474 0.710676 0.702025 0.032850 0.031970
1724138702.322737 0.234531 0.485438 0.309466 0.706769 0.705653 0.022161 0.045165
1724138702.356071 0.235793 0.455760 0.308207 0.701979 0.709866 0.015506 0.055459
1724138702.389378 0.235932 0.428070 0.308113 0.699030 0.712491 0.008431 0.060351
1724138702.422693 0.235103 0.401966 0.309679 0.701299 0.710094 -0.004036 0.062683
1724138702.455987 0.234262 0.377624 0.310770 0.703789 0.706980 -0.013462 0.068409
1724138702.489294 0.233988 0.354176 0.310627 0.703949 0.706099 -0.017605 0.074632
1724138702.522599 0.233218 0.332134 0.310684 0.707594 0.701624 -0.023407 0.080537
1724138702.555885 0.232203 0.312079 0.310850 0.713525 0.695009 -0.029411 0.083546
1724138702.589171 0.231417 0.293078 0.310793 0.719627 0.687989 -0.034472 0.087287
1724138702.622467 0.231803 0.274933 0.310085 0.722276 0.684447 -0.035425 0.092708
1724138702.655761 0.233065 0.258133 0.308957 0.723572 0.681687 -0.035290 0.102471
1724138702.689078 0.235127 0.243215 0.308026 0.722381 0.681280 -0.034506 0.113278
1724138702.722412 0.236995 0.230742 0.307764 0.719845 0.682493 -0.033614 0.122052
1724138702.755707 0.238538 0.221536 0.308122 0.717388 0.684016 -0.032435 0.128159
1724138702.789042 0.239495 0.216349 0.309212 0.717345 0.683439 -0.032688 0.131372
1724138702.822376 0.239530 0.216079 0.310539 0.717967 0.682761 -0.033716 0.131241
1724138702.855711 0.239083 0.219730 0.311642 0.719244 0.681990 -0.033207 0.128356
1724138702.889045 0.238855 0.227751 0.312559 0.721098 0.680799 -0.032595 0.124371
1724138702.922379 0.238132 0.239918 0.313623 0.719428 0.684140 -0.031400 0.115717
1724138702.955714 0.237029 0.255541 0.315235 0.716182 0.689314 -0.031121 0.104697
1724138702.989031 0.236548 0.274864 0.316978 0.711858 0.695260 -0.030964 0.094413
1724138703.022405 0.236425 0.296543 0.318548 0.705222 0.703099 -0.028742 0.086529
1724138703.055739 0.236701 0.321586 0.320195 0.696674 0.712742 -0.023760 0.077967
1724138703.089072 0.236063 0.349370 0.323494 0.692963 0.717343 -0.023148 0.068453
1724138703.122406 0.235085 0.379922 0.326301 0.690751 0.720668 -0.017392 0.056554
1724138703.155740 0.233966 0.412313 0.330346 0.692571 0.719743 -0.013504 0.046198
1724138703.189075 0.232895 0.444563 0.334314 0.691530 0.721369 -0.007984 0.036736
1724138703.222409 0.232089 0.476723 0.338087 0.685486 0.727670 0.005516 0.023982
1724138703.255744 0.230492 0.509307 0.343736 0.681224 0.731877 0.011917 0.012148
1724138703.289078 0.228833 0.540631 0.349761 0.677042 0.735717 0.018233 0.001650
1724138703.322412 0.226210 0.570809 0.356378 0.672625 0.739456 0.026190 -0.009750
1724138703.355746 0.222972 0.599357 0.363420 0.671830 0.739840 0.030730 -0.018357
1724138703.389080 0.219419 0.626255 0.370043 0.673015 0.738401 0.035250 -0.023929
1724138703.422415 0.215845 0.652196 0.376394 0.674118 0.736742 0.042115 -0.031664
1724138703.455758 0.211907 0.675032 0.383161 0.677709 0.732922 0.046341 -0.037253
1724138703.489092 0.208073 0.695477 0.389619 0.679406 0.730673 0.050643 -0.044268
1724138703.522446 0.204157 0.712763 0.396139 0.682312 0.727739 0.050585 -0.047824
1724138703.555799 0.199853 0.727247 0.402684 0.687382 0.723038 0.046536 -0.050564
1724138703.589143 0.196336 0.739378 0.408514 0.686072 0.723604 0.046525 -0.059486
1724138703.622497 0.193472 0.747867 0.413008 0.681936 0.727115 0.047086 -0.063648
1724138703.655841 0.191421 0.753429 0.416322 0.677219 0.731258 0.048274 -0.065616
1724138703.689175 0.190072 0.756453 0.418307 0.674514 0.733575 0.049932 -0.066369
1724138703.722518 0.189024 0.756346 0.418954 0.673692 0.734413 0.050278 -0.065189
1724138703.755862 0.188552 0.753484 0.418709 0.675675 0.732692 0.049581 -0.064557
1724138703.789196 0.188401 0.747124 0.417421 0.678029 0.730638 0.048413 -0.064044
1724138703.822531 0.189619 0.737141 0.414896 0.681847 0.727664 0.044057 -0.060406
1724138703.855875 0.191795 0.723980 0.410554 0.684541 0.725534 0.042314 -0.056686
1724138703.889209 0.194546 0.707616 0.404871 0.688617 0.722192 0.040765 -0.050833
1724138703.922543 0.198089 0.688072 0.398187 0.692383 0.719254 0.037297 -0.043444
1724138703.955886 0.201583 0.666239 0.391070 0.694430 0.717733 0.033606 -0.038696
1724138703.989209 0.204709 0.640606 0.384342 0.703625 0.709758 0.021835 -0.026060
1724138704.022544 0.207535 0.613258 0.377481 0.704839 0.708862 0.016902 -0.020778
1724138704.055878 0.209946 0.584403 0.372110 0.702841 0.711056 0.006481 -0.019280
1724138704.089212 0.212744 0.553565 0.367202 0.701570 0.712481 -0.006653 -0.011227
1724138704.122546 0.215972 0.522905 0.361603 0.701858 0.712181 -0.013873 0.001234
1724138704.155871 0.218497 0.492616 0.355990 0.703421 0.710411 -0.018329 0.013356
1724138704.189195 0.220539 0.462422 0.351742 0.703594 0.709676 -0.027027 0.024176
1724138704.222510 0.222140 0.434054 0.347500 0.705948 0.706742 -0.032302 0.033309
1724138704.255815 0.223791 0.407107 0.342622 0.707452 0.704727 -0.032505 0.042591
1724138704.289119 0.224942 0.381756 0.338341 0.709408 0.702132 -0.034011 0.050935
1724138704.322434 0.225509 0.358329 0.334552 0.713330 0.697534 -0.035858 0.057629
1724138704.355759 0.226195 0.337057 0.330851 0.717460 0.692744 -0.036830 0.063245
1724138704.389093 0.227159 0.317437 0.326762 0.718815 0.690895 -0.035150 0.068801
1724138704.422427 0.228281 0.299306 0.322876 0.719537 0.689613 -0.033655 0.074610
1724138704.455761 0.229659 0.282410 0.319245 0.720283 0.687958 -0.033074 0.082543
1724138704.489095 0.231322 0.267345 0.315756 0.719637 0.687573 -0.032386 0.091198
1724138704.522429 0.232555 0.253982 0.312780 0.719283 0.686717 -0.032313 0.100039
1724138704.555763 0.232938 0.242131 0.311101 0.719271 0.685720 -0.033527 0.106361
1724138704.589097 0.232393 0.232934 0.310858 0.718995 0.685479 -0.036880 0.108651
1724138704.622393 0.231132 0.225527 0.311874 0.717842 0.686701 -0.041651 0.106815
1724138704.655727 0.230040 0.220409 0.312469 0.717241 0.687047 -0.044895 0.107309
1724138704.689061 0.229759 0.217762 0.312376 0.715943 0.687965 -0.045814 0.109683
1724138704.722395 0.229860 0.218506 0.312053 0.714481 0.689554 -0.045336 0.109436
1724138704.755728 0.229641 0.223233 0.311604 0.715458 0.688818 -0.044861 0.107874
1724138704.789062 0.229287 0.232731 0.310897 0.717074 0.687989 -0.042725 0.103207
1724138704.822397 0.228506 0.245900 0.310419 0.720283 0.685701 -0.041171 0.096501
1724138704.855731 0.228144 0.262633 0.309733 0.720743 0.686577 -0.037182 0.088091
1724138704.889066 0.227767 0.281628 0.309747 0.717627 0.691721 -0.031508 0.074443
1724138704.922400 0.227368 0.303337 0.310720 0.712905 0.698254 -0.027025 0.058968
1724138704.955773 0.227460 0.326330 0.311812 0.706680 0.705605 -0.022463 0.047111
1724138704.989097 0.227906 0.350316 0.312845 0.699502 0.713526 -0.014229 0.037088
1724138705.022432 0.228951 0.375590 0.314241 0.695145 0.718168 -0.006171 0.031141
1724138705.055766 0.229759 0.401501 0.316632 0.690924 0.722419 0.001007 0.027092
1724138705.089100 0.230187 0.427271 0.320652 0.686257 0.727081 0.003879 0.019736
1724138705.122434 0.230276 0.453127 0.324499 0.681953 0.731195 0.008444 0.014945
1724138705.155768 0.230088 0.479654 0.328353 0.678132 0.734731 0.015258 0.008651
1724138705.189102 0.229138 0.505881 0.333057 0.676139 0.736546 0.018271 0.001608
1724138705.222436 0.228090 0.532255 0.337487 0.674529 0.737863 0.022984 -0.006402
1724138705.255770 0.226374 0.558494 0.342205 0.674651 0.737407 0.028844 -0.015642
1724138705.289104 0.224449 0.583736 0.347205 0.678658 0.733435 0.031723 -0.022131
1724138705.322438 0.222890 0.608259 0.352252 0.682990 0.729117 0.033850 -0.027699
1724138705.355781 0.221255 0.632156 0.356510 0.684636 0.726996 0.040347 -0.033513
1724138705.389115 0.220136 0.654732 0.361227 0.686241 0.724804 0.046494 -0.039642
1724138705.422469 0.218667 0.675312 0.366154 0.686445 0.723955 0.050782 -0.045866
1724138705.455822 0.216963 0.693865 0.371139 0.684570 0.724855 0.054780 -0.054298
1724138705.489175 0.214981 0.710161 0.375864 0.681608 0.726427 0.059383 -0.064709
1724138705.522529 0.213192 0.724177 0.379930 0.676080 0.729726 0.065995 -0.077846
1724138705.555892 0.211342 0.734234 0.383306 0.672276 0.731645 0.071653 -0.087215
1724138705.589245 0.209852 0.740810 0.385102 0.670749 0.731846 0.077471 -0.092171
1724138705.622589 0.209037 0.744079 0.385280 0.669682 0.731939 0.081330 -0.095798
1724138705.655941 0.209066 0.742420 0.384691 0.671115 0.730438 0.081610 -0.096974
1724138705.689286 0.209420 0.736738 0.382265 0.673769 0.728189 0.081151 -0.095872
1724138705.722639 0.210767 0.726866 0.378246 0.676793 0.726430 0.078566 -0.089877
1724138705.755992 0.213012 0.712150 0.373355 0.678646 0.725810 0.075867 -0.082964
1724138705.789336 0.215170 0.693219 0.367552 0.676895 0.728340 0.074211 -0.076332
1724138705.822680 0.217698 0.671142 0.361780 0.675119 0.731270 0.070031 -0.067483
1724138705.856033 0.218960 0.646170 0.356306 0.678261 0.729911 0.061245 -0.058666
1724138705.889357 0.219126 0.619884 0.351649 0.682335 0.727471 0.048445 -0.053471
1724138705.922691 0.219553 0.592066 0.346728 0.689357 0.722233 0.033547 -0.045179
1724138705.956025 0.220788 0.563222 0.340845 0.695375 0.717571 0.022823 -0.031999
1724138705.989344 0.222484 0.533637 0.334580 0.698463 0.715279 0.014913 -0.017405
1724138706.022657 0.224126 0.503858 0.328830 0.700218 0.713881 0.007701 -0.003072
1724138706.055972 0.225716 0.473929 0.324256 0.699826 0.714262 -0.000461 0.008571
1724138706.089287 0.226775 0.445487 0.320729 0.700310 0.713601 -0.007024 0.017056
1724138706.122601 0.226886 0.417932 0.318700 0.703402 0.710145 -0.016688 0.025347
1724138706.155906 0.226152 0.391759 0.317995 0.709093 0.703802 -0.027459 0.033117
1724138706.189202 0.226203 0.367217 0.317795 0.713050 0.698932 -0.036815 0.041224
1724138706.222507 0.226849 0.343975 0.317269 0.714995 0.695952 -0.041060 0.052411
1724138706.255812 0.227101 0.322062 0.317662 0.717153 0.692255 -0.045112 0.066628
1724138706.289117 0.227352 0.303132 0.319739 0.717623 0.690172 -0.049936 0.078648
1724138706.322451 0.227511 0.287657 0.323209 0.715861 0.691122 -0.052067 0.084750
1724138706.355746 0.226928 0.275649 0.328191 0.716648 0.689516 -0.055656 0.088800
1724138706.389080 0.225518 0.266929 0.333844 0.721226 0.683753 -0.059876 0.093433
1724138706.422414 0.224424 0.261225 0.339531 0.724249 0.679850 -0.062407 0.096812
1724138706.455748 0.223607 0.258492 0.345129 0.726440 0.676973 -0.064302 0.099288
1724138706.489082 0.222383 0.257983 0.350234 0.728637 0.673930 -0.066014 0.102708
1724138706.522416 0.221488 0.260537 0.354539 0.728172 0.674884 -0.064311 0.100802
1724138706.555749 0.220622 0.267439 0.358503 0.729569 0.674030 -0.065451 0.095543
1724138706.589083 0.219430 0.277001 0.360776 0.732184 0.671892 -0.065574 0.090372
1724138706.622417 0.218777 0.289332 0.360711 0.732458 0.673064 -0.061160 0.082155
1724138706.655751 0.218333 0.303865 0.359070 0.733924 0.672673 -0.058732 0.073603
1724138706.689085 0.218285 0.319478 0.354904 0.735691 0.671691 -0.055520 0.067131
1724138706.722420 0.218137 0.336078 0.348762 0.736180 0.672595 -0.049467 0.056632
1724138706.755754 0.217454 0.353360 0.341746 0.737897 0.671890 -0.046056 0.044162
1724138706.789088 0.217037 0.370067 0.333437 0.739547 0.670951 -0.042826 0.032559
1724138706.822460 0.216585 0.385441 0.324427 0.740448 0.670578 -0.040117 0.021275
1724138706.855794 0.216770 0.398588 0.314596 0.738832 0.672761 -0.036940 0.012434
1724138706.889128 0.217352 0.409860 0.304945 0.735539 0.676655 -0.033239 0.003977
1724138706.922462 0.217919 0.419140 0.296201 0.731004 0.681736 -0.029032 -0.005029
1724138706.955796 0.218050 0.426308 0.288950 0.728645 0.684160 -0.029573 -0.011218
1724138706.989125 0.218120 0.431893 0.282913 0.726424 0.686392 -0.029640 -0.017196
1724138707.022459 0.218151 0.435859 0.277922 0.725435 0.687438 -0.028394 -0.019130
1724138707.055793 0.218076 0.438115 0.274767 0.725515 0.687362 -0.028894 -0.018060
1724138707.089127 0.217780 0.438979 0.273675 0.724451 0.688527 -0.027921 -0.017927
1724138707.122461 0.217329 0.439001 0.275062 0.723378 0.689673 -0.028059 -0.016986
1724138707.155804 0.216578 0.438231 0.279028 0.722972 0.690106 -0.028473 -0.015953
1724138707.189138 0.215974 0.436829 0.285244 0.721672 0.691502 -0.027638 -0.015850
1724138707.222472 0.215665 0.434953 0.293854 0.719337 0.693934 -0.026666 -0.017266
1724138707.255806 0.216059 0.432953 0.303990 0.717895 0.695510 -0.024244 -0.017471
1724138707.289140 0.217064 0.430793 0.315665 0.719154 0.694299 -0.022865 -0.015627
1724138707.322474 0.218863 0.428491 0.328731 0.720344 0.693173 -0.020556 -0.013879
1724138707.355808 0.221077 0.426190 0.343643 0.721717 0.691794 -0.019272 -0.013186
1724138707.389142 0.223556 0.423634 0.360063 0.722472 0.691020 -0.018822 -0.013080
1724138707.422476 0.226547 0.420696 0.377258 0.723095 0.690389 -0.019058 -0.011539
1724138707.455810 0.230028 0.417156 0.394745 0.722251 0.691353 -0.017986 -0.007819
1724138707.489144 0.233888 0.413114 0.412699 0.720589 0.693162 -0.016373 -0.003253
1724138707.522469 0.237632 0.408929 0.431173 0.720741 0.693008 -0.016210 0.003129
1724138707.555803 0.241113 0.404444 0.449922 0.720537 0.693193 -0.015175 0.008935
1724138707.589137 0.244204 0.400045 0.468737 0.720394 0.693279 -0.013561 0.014574
1724138707.622471 0.246647 0.395951 0.487313 0.722216 0.691233 -0.012467 0.021109
1724138707.655805 0.248713 0.392008 0.505067 0.723652 0.689536 -0.009053 0.028025
1724138707.689139 0.250436 0.388533 0.521998 0.726267 0.686399 -0.005388 0.036942
1724138707.722471 0.251557 0.385367 0.538616 0.728920 0.683146 -0.003444 0.044435
1724138707.755805 0.252514 0.382682 0.554740 0.728721 0.683029 -0.001683 0.049327
1724138707.789140 0.253345 0.380776 0.569687 0.729189 0.682223 -0.001172 0.053425
1724138707.822474 0.254126 0.379607 0.582539 0.732103 0.678507 -0.000614 0.060441
1724138707.855808 0.254969 0.379205 0.593855 0.736028 0.673747 -0.000980 0.065786
1724138707.889142 0.255672 0.379399 0.603456 0.739182 0.669923 -0.002695 0.069321
1724138707.922476 0.256664 0.380012 0.610531 0.738369 0.670622 -0.002310 0.071215
1724138707.955810 0.257633 0.381362 0.614655 0.737311 0.671659 -0.001332 0.072416
1724138707.989140 0.258225 0.383337 0.615760 0.735922 0.673146 -0.000080 0.072753
1724138708.022473 0.258133 0.386065 0.613579 0.735527 0.673757 0.002148 0.071039
1724138708.055807 0.256840 0.389735 0.608764 0.739522 0.669829 0.002335 0.066567
1724138708.089141 0.255202 0.394003 0.600914 0.742893 0.666779 0.003091 0.059213
1724138708.122475 0.252550 0.398355 0.590386 0.745871 0.664070 0.003298 0.051735
1724138708.155818 0.249463 0.402484 0.577758 0.746560 0.664007 0.001406 0.041729
1724138708.189152 0.245807 0.405914 0.563287 0.745899 0.665247 -0.002855 0.032757
1724138708.222486 0.242258 0.408866 0.547095 0.742226 0.669700 -0.007332 0.023451
1724138708.255820 0.239205 0.412139 0.528574 0.736784 0.675895 -0.008941 0.015353
1724138708.289145 0.236416 0.415918 0.508550 0.735693 0.677114 -0.011542 0.011808
1724138708.322479 0.233064 0.420663 0.488082 0.735157 0.677737 -0.013546 0.005827
1724138708.355813 0.229276 0.426172 0.467694 0.735779 0.677029 -0.016074 -0.001878
1724138708.389156 0.225483 0.431529 0.447343 0.736367 0.676287 -0.018166 -0.008387
1724138708.422490 0.221566 0.436632 0.427531 0.737068 0.675309 -0.021445 -0.015129
1724138708.455824 0.217732 0.440954 0.407976 0.738739 0.673208 -0.026652 -0.018571
1724138708.489168 0.214487 0.443644 0.388781 0.737229 0.674586 -0.030953 -0.021655
1724138708.522511 0.211853 0.445030 0.369509 0.734925 0.677011 -0.034092 -0.019468
1724138708.555854 0.209551 0.445433 0.350996 0.731337 0.680817 -0.037224 -0.015800
1724138708.589198 0.207743 0.445040 0.334093 0.727411 0.684774 -0.042314 -0.012934
1724138708.622551 0.206478 0.444254 0.318080 0.723103 0.689119 -0.046686 -0.007544
1724138708.655905 0.205698 0.443853 0.303356 0.718384 0.693884 -0.049466 -0.001627
1724138708.689258 0.205314 0.443894 0.290785 0.715023 0.697125 -0.052474 0.002346
1724138708.722602 0.205606 0.444111 0.280239 0.712080 0.699971 -0.054295 0.005938
1724138708.755955 0.206673 0.444006 0.271643 0.709081 0.702951 -0.054506 0.009645
1724138708.789299 0.208576 0.443569 0.265021 0.704770 0.707446 -0.051533 0.012799
1724138708.822651 0.210610 0.442612 0.261064 0.699748 0.712681 -0.047175 0.014635
1724138708.856005 0.212662 0.442104 0.260292 0.697462 0.715088 -0.044441 0.014882
1724138708.889349 0.214072 0.441907 0.262764 0.700166 0.712561 -0.042459 0.014886
1724138708.922702 0.215239 0.441467 0.268924 0.705100 0.707774 -0.041607 0.012604
1724138708.956046 0.216954 0.440441 0.278393 0.708937 0.704024 -0.041085 0.008401
1724138708.989395 0.219734 0.437945 0.289775 0.710641 0.702520 -0.037558 0.006691
1724138709.022738 0.223615 0.433841 0.303047 0.709541 0.703959 -0.030697 0.007071
1724138709.056072 0.228013 0.428180 0.318850 0.710203 0.703451 -0.025376 0.011134
1724138709.089396 0.232161 0.421192 0.337485 0.712975 0.700660 -0.021691 0.016501
1724138709.122730 0.236482 0.412965 0.358799 0.714693 0.698882 -0.019620 0.019810
1724138709.156064 0.240988 0.403566 0.382309 0.716504 0.696836 -0.021138 0.024376
1724138709.189398 0.245872 0.393194 0.406629 0.717768 0.695147 -0.023799 0.031838
1724138709.222723 0.251507 0.382301 0.430560 0.715565 0.696907 -0.024274 0.041204
1724138709.256037 0.257379 0.372012 0.454217 0.712981 0.698800 -0.024656 0.052246
1724138709.289351 0.262348 0.362912 0.477310 0.714567 0.696023 -0.025925 0.065375
1724138709.322667 0.266736 0.355028 0.499456 0.717613 0.691576 -0.026869 0.077669
1724138709.355981 0.270423 0.348279 0.520610 0.720396 0.687358 -0.027114 0.088513
1724138709.389296 0.273489 0.342484 0.540426 0.722933 0.683311 -0.027020 0.098612
1724138709.422600 0.276072 0.337645 0.558456 0.725154 0.679597 -0.027164 0.107524
1724138709.455914 0.278656 0.333346 0.574028 0.727472 0.675763 -0.026371 0.115907
1724138709.489220 0.280813 0.329772 0.586772 0.728870 0.672887 -0.024785 0.123926
1724138709.522534 0.282964 0.327176 0.596375 0.728263 0.672504 -0.022249 0.129907
1724138709.555859 0.285423 0.326172 0.602539 0.728348 0.671609 -0.019799 0.134381
1724138709.589173 0.287124 0.326390 0.604800 0.729084 0.670624 -0.016569 0.135742
1724138709.622498 0.288192 0.329004 0.603452 0.730693 0.669394 -0.013684 0.133461
1724138709.655832 0.289053 0.332717 0.598232 0.732112 0.668878 -0.010981 0.128432
1724138709.689166 0.289495 0.337876 0.589179 0.732578 0.669583 -0.007726 0.122187
1724138709.722500 0.289450 0.344038 0.576977 0.734344 0.668857 -0.005822 0.115481
1724138709.755834 0.288228 0.351263 0.562408 0.735892 0.668818 -0.005129 0.105446
1724138709.789177 0.285913 0.359532 0.546221 0.737559 0.668895 -0.007463 0.092360
1724138709.822510 0.282707 0.368068 0.528085 0.737514 0.670621 -0.009883 0.079007
1724138709.855844 0.279473 0.377203 0.508153 0.736528 0.673130 -0.011569 0.065494
1724138709.889178 0.275715 0.386517 0.487230 0.737143 0.673523 -0.015609 0.052369
1724138709.922512 0.272003 0.395617 0.465102 0.737186 0.674139 -0.018562 0.041826
1724138709.955846 0.268168 0.404516 0.442314 0.737859 0.673801 -0.022038 0.032716
1724138709.989187 0.264329 0.413306 0.419586 0.738031 0.673786 -0.026209 0.025210
1724138710.022530 0.260702 0.422106 0.397551 0.737412 0.674487 -0.030755 0.018570
1724138710.055873 0.257452 0.430914 0.376842 0.733861 0.678403 -0.033816 0.008578
1724138710.089217 0.254462 0.439981 0.356983 0.732456 0.679862 -0.035933 0.002362
1724138710.122551 0.251828 0.448875 0.338516 0.733003 0.679146 -0.038274 -0.001164
1724138710.155895 0.249449 0.456962 0.321831 0.731681 0.680541 -0.038402 -0.005659
1724138710.189238 0.246845 0.463794 0.307751 0.730534 0.681661 -0.039615 -0.009408
1724138710.222582 0.244963 0.469571 0.296182 0.728175 0.684044 -0.040737 -0.013639
1724138710.255926 0.243554 0.473968 0.286955 0.726860 0.685326 -0.041980 -0.015523
1724138710.289269 0.242780 0.476915 0.280000 0.725145 0.687153 -0.041586 -0.016011
1724138710.322623 0.242462 0.478697 0.275943 0.723581 0.688808 -0.041662 -0.015459
1724138710.355965 0.242607 0.478940 0.275023 0.721015 0.691498 -0.041350 -0.016061
1724138710.389318 0.242948 0.477923 0.277440 0.719043 0.693465 -0.041732 -0.018493
1724138710.422652 0.243687 0.475333 0.282415 0.719666 0.692721 -0.042787 -0.019692
1724138710.455996 0.245535 0.471145 0.289196 0.721782 0.690531 -0.043653 -0.017110
1724138710.489330 0.248223 0.464819 0.297613 0.722216 0.690287 -0.041468 -0.013723
1724138710.522664 0.251851 0.457228 0.307486 0.722303 0.690509 -0.037564 -0.008078
1724138710.555998 0.255973 0.448647 0.319292 0.724431 0.688446 -0.035250 0.000615
1724138710.589332 0.260241 0.438782 0.333327 0.726040 0.686795 -0.032832 0.010096
1724138710.622666 0.264650 0.427923 0.349628 0.727346 0.685298 -0.031082 0.019186
1724138710.656000 0.268983 0.416251 0.368271 0.729057 0.683135 -0.031590 0.028365
1724138710.689334 0.273415 0.403841 0.388615 0.729688 0.681945 -0.032974 0.037672
1724138710.722667 0.278342 0.390683 0.409711 0.729917 0.680923 -0.035165 0.048257
1724138710.755992 0.284127 0.377169 0.430466 0.729744 0.680020 -0.036464 0.060968
1724138710.789316 0.290748 0.364326 0.450385 0.729088 0.679304 -0.036462 0.075142
1724138710.822640 0.297558 0.353324 0.468651 0.730831 0.675491 -0.037181 0.090640
1724138710.855955 0.304959 0.345350 0.484311 0.732961 0.671184 -0.036534 0.104621
1724138710.889279 0.312923 0.340412 0.496705 0.732681 0.669944 -0.032462 0.115326
1724138710.922604 0.321430 0.338860 0.505151 0.730306 0.671233 -0.025220 0.124352
1724138710.955928 0.330745 0.340813 0.509517 0.726007 0.674689 -0.014365 0.132298
1724138710.989259 0.339797 0.346091 0.510131 0.722974 0.676689 -0.001181 0.139280
1724138711.022611 0.347036 0.354339 0.508058 0.723591 0.675165 0.010626 0.143024
1724138711.055974 0.351366 0.364842 0.503977 0.726170 0.672533 0.020979 0.141199
1724138711.089347 0.352087 0.376222 0.498193 0.729902 0.669278 0.028708 0.135961
1724138711.122739 0.349135 0.387772 0.490853 0.731157 0.669255 0.034031 0.127865
1724138711.156121 0.342435 0.398577 0.482606 0.731340 0.671165 0.036292 0.115596
1724138711.189504 0.332029 0.408146 0.473221 0.734320 0.669852 0.033322 0.104701
1724138711.222876 0.319037 0.415826 0.462157 0.735873 0.669479 0.029690 0.096990
1724138711.256239 0.302963 0.421748 0.450597 0.737388 0.668970 0.021979 0.090856
1724138711.289592 0.283393 0.426562 0.439530 0.738283 0.669288 0.009016 0.083129
1724138711.322945 0.261680 0.430235 0.429013 0.735757 0.673302 -0.004849 0.072816
1724138711.356279 0.237785 0.432708 0.419251 0.730892 0.679268 -0.020506 0.063019
1724138711.389603 0.212293 0.434418 0.410490 0.725586 0.685021 -0.038190 0.053030
1724138711.422908 0.186266 0.436127 0.402702 0.719151 0.691370 -0.055750 0.041496
1724138711.456194 0.160276 0.437432 0.395232 0.711996 0.697914 -0.070368 0.032032
1724138711.489470 0.133911 0.438964 0.388419 0.706190 0.702583 -0.084389 0.023491
1724138711.522736 0.107475 0.440389 0.382891 0.700218 0.707097 -0.097746 0.012422
1724138711.555993 0.081723 0.442251 0.378734 0.695463 0.709982 -0.110705 -0.000471
1724138711.589240 0.056534 0.444310 0.375894 0.692343 0.710754 -0.123598 -0.014639
1724138711.622487 0.033092 0.446713 0.373677 0.691173 0.709435 -0.135007 -0.027461
1724138711.655781 0.012325 0.449445 0.371395 0.691324 0.707117 -0.143433 -0.038513
1724138711.689115 -0.006008 0.452240 0.369731 0.692469 0.703927 -0.150189 -0.049166
1724138711.722449 -0.020443 0.454759 0.368302 0.694300 0.700337 -0.155436 -0.057588
1724138711.755783 -0.031378 0.457116 0.366012 0.695977 0.698514 -0.154549 -0.061716
1724138711.789117 -0.038863 0.459549 0.364039 0.697649 0.697469 -0.150593 -0.064385
1724138711.822451 -0.042921 0.461554 0.363101 0.699542 0.696142 -0.147102 -0.066247
1724138711.855785 -0.043733 0.463686 0.362512 0.702321 0.694452 -0.141234 -0.067337
1724138711.889119 -0.041324 0.465859 0.362172 0.705730 0.692700 -0.132412 -0.067663
1724138711.922453 -0.035731 0.467378 0.362956 0.711096 0.688451 -0.127097 -0.064986
1724138711.955787 -0.026982 0.468412 0.363958 0.715075 0.685569 -0.120836 -0.063735
1724138711.989117 -0.014188 0.469153 0.364180 0.717991 0.684627 -0.109939 -0.060736
1724138712.022450 0.002075 0.469576 0.362376 0.722183 0.683658 -0.093236 -0.048698
1724138712.055784 0.021718 0.469199 0.361573 0.728687 0.679415 -0.079213 -0.033686
1724138712.089157 0.043840 0.468898 0.362334 0.733438 0.675970 -0.067358 -0.024430
1724138712.122491 0.069039 0.468185 0.362243 0.734512 0.676737 -0.047350 -0.016658
1724138712.155824 0.096268 0.466910 0.361308 0.737968 0.674389 -0.024519 0.001276
1724138712.189158 0.125299 0.465805 0.361730 0.742369 0.669620 -0.006053 0.021469
1724138712.222532 0.154042 0.463808 0.363284 0.741409 0.670150 0.013393 0.032135
1724138712.255866 0.184492 0.461311 0.365299 0.738930 0.671495 0.031963 0.045340
1724138712.289199 0.215884 0.458458 0.365977 0.738186 0.668665 0.054884 0.070397
1724138712.322552 0.247242 0.456209 0.367713 0.736004 0.666252 0.077260 0.091853
1724138712.355925 0.277304 0.453121 0.370960 0.732137 0.665891 0.094719 0.107669
1724138712.389307 0.308231 0.450546 0.373742 0.728915 0.662485 0.115494 0.128290
1724138712.422709 0.339071 0.449069 0.375752 0.727930 0.651729 0.142746 0.158081
1724138712.456120 0.367548 0.447782 0.380358 0.727871 0.641697 0.164536 0.177076
1724138712.489550 0.392591 0.447152 0.385749 0.727242 0.636300 0.179101 0.184838
1724138712.522981 0.417009 0.446790 0.389312 0.728296 0.623933 0.197763 0.202934
1724138712.556412 0.438968 0.445861 0.392506 0.728858 0.608192 0.219993 0.224661
1724138712.589841 0.456896 0.445678 0.396954 0.729073 0.599821 0.231664 0.234521
1724138712.623272 0.471230 0.444574 0.400280 0.727638 0.596377 0.240784 0.238539
1724138712.656703 0.485545 0.442808 0.402363 0.726653 0.586495 0.253376 0.252584
1724138712.690124 0.496602 0.439999 0.403280 0.725563 0.575763 0.264776 0.268234
1724138712.723545 0.504719 0.436786 0.404336 0.724893 0.573353 0.266439 0.273509
1724138712.756956 0.510879 0.433133 0.404811 0.723969 0.573855 0.265186 0.276109
1724138712.790358 0.517073 0.429534 0.404595 0.724906 0.571069 0.262485 0.281946
1724138712.823750 0.517991 0.426264 0.403121 0.729097 0.567971 0.253354 0.285724
1724138712.857132 0.512654 0.424637 0.400981 0.731662 0.572425 0.240510 0.281345
1724138712.890513 0.506499 0.424154 0.398373 0.731909 0.579611 0.229716 0.274938
1724138712.923886 0.496951 0.424985 0.395202 0.733565 0.585914 0.216272 0.267981
1724138712.957268 0.485252 0.426843 0.391769 0.734509 0.594977 0.202823 0.255659
1724138712.990639 0.470133 0.429555 0.387563 0.736579 0.601612 0.189100 0.244449
1724138713.024001 0.451617 0.432392 0.382477 0.737849 0.608243 0.176198 0.233610
1724138713.057354 0.432147 0.435928 0.377334 0.739297 0.614704 0.162525 0.221729
1724138713.090698 0.410099 0.439469 0.372428 0.741557 0.620098 0.147637 0.209222
1724138713.124042 0.385927 0.442679 0.367386 0.744478 0.623468 0.132933 0.198415
1724138713.157376 0.360627 0.446042 0.362631 0.746613 0.627666 0.117837 0.186332
1724138713.190700 0.333934 0.448769 0.358731 0.747737 0.632858 0.101631 0.173352
1724138713.224015 0.306263 0.450845 0.355645 0.749935 0.636239 0.084091 0.160393
1724138713.257319 0.278066 0.452232 0.353011 0.752336 0.638494 0.064747 0.148738
1724138713.290624 0.249193 0.452229 0.350712 0.752720 0.642120 0.045590 0.137900
1724138713.323909 0.220828 0.451523 0.348044 0.749449 0.648937 0.028318 0.128080
1724138713.357185 0.192664 0.449874 0.345405 0.743770 0.657722 0.011631 0.118623
1724138713.390461 0.164741 0.448430 0.343373 0.736835 0.667626 -0.003907 0.106467
1724138713.423728 0.136781 0.447488 0.341740 0.730445 0.676381 -0.018686 0.092787
1724138713.456975 0.109729 0.447866 0.341099 0.727208 0.681129 -0.034026 0.077938
1724138713.490212 0.083409 0.449344 0.340972 0.726237 0.683013 -0.047735 0.061597
1724138713.523430 0.058957 0.451645 0.341450 0.726575 0.682938 -0.059722 0.046014
1724138713.556647 0.037138 0.454345 0.342167 0.727272 0.682077 -0.069319 0.032257
1724138713.589865 0.017840 0.457008 0.343166 0.727985 0.680985 -0.076958 0.019345
1724138713.623083 0.001312 0.459240 0.344331 0.728962 0.679356 -0.083714 0.008998
1724138713.656311 -0.011594 0.461236 0.345018 0.729224 0.678667 -0.087406 0.001599
1724138713.689519 -0.021017 0.462882 0.345005 0.729672 0.678102 -0.088032 -0.002635
1724138713.722737 -0.027770 0.463978 0.345234 0.732141 0.675038 -0.090915 -0.005240
1724138713.755955 -0.031476 0.464975 0.345549 0.734599 0.671984 -0.093341 -0.009482
1724138713.789222 -0.032034 0.465369 0.345547 0.735506 0.670757 -0.094260 -0.015214
1724138713.822478 -0.028961 0.465023 0.344965 0.736035 0.670066 -0.094654 -0.017430
1724138713.855811 -0.022692 0.463630 0.343350 0.735986 0.670342 -0.093563 -0.014604
1724138713.889145 -0.013106 0.461794 0.341244 0.734173 0.672829 -0.090265 -0.011942
1724138713.922479 -0.000677 0.459893 0.338582 0.732121 0.675881 -0.084391 -0.007894
1724138713.955813 0.013552 0.458127 0.336276 0.732334 0.676077 -0.081229 -0.002855
1724138713.989145 0.029660 0.457152 0.334073 0.733552 0.675202 -0.077476 0.001250
1724138714.022516 0.047693 0.456122 0.331747 0.733914 0.675421 -0.071751 0.005305
1724138714.055851 0.067210 0.454534 0.329239 0.733159 0.676856 -0.064917 0.011410
1724138714.089185 0.088264 0.452606 0.326139 0.729573 0.681469 -0.054749 0.018078
1724138714.122519 0.110639 0.450764 0.323146 0.725044 0.686734 -0.044429 0.027097
1724138714.155853 0.133476 0.449571 0.320039 0.723257 0.688761 -0.032041 0.038481
1724138714.189187 0.156345 0.449516 0.318141 0.722762 0.689386 -0.019759 0.044406
1724138714.222560 0.179362 0.450421 0.316517 0.724358 0.687475 -0.007385 0.051274
1724138714.255894 0.202791 0.452206 0.315161 0.725954 0.685111 0.007571 0.059634
1724138714.289227 0.226660 0.454198 0.314692 0.726745 0.683260 0.023242 0.066762
1724138714.322561 0.250286 0.456221 0.315382 0.727877 0.680853 0.035711 0.073203
1724138714.355914 0.273443 0.458367 0.316037 0.728186 0.678799 0.049745 0.080633
1724138714.389277 0.296315 0.460656 0.316682 0.729090 0.675405 0.064702 0.089836
1724138714.422640 0.317371 0.462334 0.318331 0.733372 0.668165 0.073889 0.101300
1724138714.456022 0.336329 0.464085 0.320257 0.737916 0.660268 0.084051 0.111636
1724138714.489414 0.352860 0.466164 0.322486 0.739859 0.655054 0.095983 0.119585
1724138714.522806 0.365301 0.468069 0.325746 0.741787 0.650951 0.102630 0.124429
1724138714.556207 0.373632 0.470065 0.329469 0.742938 0.648756 0.107109 0.125246
1724138714.589608 0.378206 0.471618 0.332993 0.742910 0.648211 0.110867 0.124963
1724138714.623010 0.379224 0.473279 0.336231 0.744894 0.646035 0.109502 0.125625
1724138714.656411 0.376922 0.474717 0.338928 0.746369 0.644885 0.106533 0.125332
1724138714.689794 0.371722 0.476494 0.341257 0.747317 0.644876 0.101047 0.124267
1724138714.723176 0.363322 0.478171 0.343245 0.747991 0.645347 0.091511 0.125148
1724138714.756549 0.353178 0.480956 0.344819 0.745910 0.649208 0.081602 0.124452
1724138714.789911 0.341199 0.485033 0.346568 0.744467 0.652433 0.068376 0.124200
1724138714.823255 0.328293 0.489839 0.347324 0.745847 0.650513 0.052255 0.133468
1724138714.856589 0.315096 0.496900 0.347085 0.746741 0.648560 0.039394 0.142111
1724138714.889913 0.300828 0.505610 0.347157 0.750631 0.642962 0.022625 0.150469
1724138714.923247 0.286001 0.515001 0.347855 0.757984 0.631622 0.000678 0.162829
1724138714.956562 0.271115 0.525240 0.348629 0.764626 0.619802 -0.020584 0.175410
1724138714.989865 0.256373 0.536764 0.349221 0.767574 0.612870 -0.038446 0.183689
1724138715.023169 0.241937 0.548368 0.350586 0.770948 0.602315 -0.060022 0.198125
1724138715.056474 0.228409 0.559003 0.350827 0.771482 0.588893 -0.077593 0.228033
1724138715.089778 0.216224 0.570920 0.349384 0.765553 0.590483 -0.078439 0.243116
1724138715.123084 0.204049 0.584122 0.348623 0.761519 0.592991 -0.082696 0.248218
1724138715.156389 0.191805 0.597614 0.347712 0.761653 0.587277 -0.090862 0.258330
1724138715.189693 0.181698 0.611478 0.344935 0.759612 0.586839 -0.087696 0.266306
1724138715.222989 0.172900 0.625880 0.341206 0.759417 0.584556 -0.079050 0.274465
1724138715.256283 0.164467 0.641414 0.337142 0.764541 0.575994 -0.072756 0.280026
1724138715.289579 0.155709 0.656600 0.333034 0.770867 0.566038 -0.066266 0.284559
1724138715.322894 0.147996 0.670699 0.329591 0.774536 0.559789 -0.060528 0.288212
1724138715.356199 0.141577 0.683446 0.326312 0.771719 0.564419 -0.050203 0.288723
1724138715.389523 0.135231 0.694904 0.324246 0.765410 0.575319 -0.039525 0.285646
1724138715.422847 0.128517 0.705268 0.323641 0.758677 0.587415 -0.032606 0.279803
1724138715.456172 0.121989 0.714624 0.323570 0.752716 0.599461 -0.024091 0.271080
1724138715.489506 0.115430 0.723151 0.324360 0.747847 0.612758 -0.017991 0.254811
1724138715.522819 0.109949 0.729839 0.325329 0.745124 0.622452 -0.011051 0.239212
1724138715.556144 0.106664 0.735440 0.324170 0.741816 0.633261 0.008887 0.220477
1724138715.589468 0.104029 0.739585 0.322418 0.738106 0.644091 0.034367 0.197903
1724138715.622812 0.101459 0.740983 0.321168 0.742304 0.642651 0.051809 0.182485
1724138715.656155 0.100385 0.739196 0.319690 0.745246 0.641237 0.071350 0.168326
1724138715.689509 0.100015 0.735066 0.317217 0.743593 0.643071 0.098150 0.154584
1724138715.722862 0.098907 0.727787 0.316255 0.747627 0.638315 0.113205 0.144196
1724138715.756235 0.098522 0.717664 0.315411 0.745748 0.639777 0.130941 0.131908
1724138715.789606 0.099540 0.706647 0.313674 0.734911 0.648830 0.159894 0.115585
1724138715.822988 0.100101 0.694014 0.312056 0.731635 0.648907 0.179322 0.107114
1724138715.856380 0.100386 0.680005 0.310733 0.737120 0.640648 0.188514 0.103380
1724138715.889772 0.102017 0.666277 0.308906 0.735742 0.636750 0.211103 0.093108
1724138715.923174 0.103600 0.651782 0.306939 0.737195 0.630030 0.228161 0.086881
1724138715.956576 0.104353 0.636299 0.305667 0.747757 0.615953 0.232799 0.085238
1724138715.989985 0.106803 0.622339 0.303581 0.745143 0.610883 0.257585 0.072348
1724138716.023386 0.109088 0.606985 0.301289 0.743126 0.606509 0.275075 0.065150
1724138716.056797 0.110467 0.589067 0.298478 0.749497 0.597366 0.276814 0.069159
1724138716.090208 0.113729 0.572593 0.294809 0.736653 0.601733 0.301526 0.065893
1724138716.123620 0.114658 0.556092 0.291909 0.718046 0.615775 0.319777 0.054540
1724138716.157021 0.113478 0.538208 0.289533 0.712366 0.622749 0.319713 0.050015
1724138716.190423 0.113451 0.521904 0.286733 0.694950 0.634258 0.336048 0.042807
1724138716.223825 0.111186 0.504792 0.285282 0.676781 0.651200 0.341979 0.030922
1724138716.257206 0.108115 0.486183 0.283448 0.668252 0.663449 0.335501 0.026718
1724138716.290588 0.105732 0.467210 0.281000 0.660522 0.673312 0.330832 0.030182
1724138716.323961 0.102824 0.447458 0.278518 0.657885 0.681796 0.317627 0.038152
1724138716.357324 0.100468 0.427939 0.276403 0.658767 0.687448 0.301588 0.049854
1724138716.390687 0.099238 0.408770 0.273938 0.657210 0.693169 0.288138 0.067587
1724138716.424040 0.097415 0.390091 0.272008 0.663887 0.693410 0.264789 0.091234
1724138716.457384 0.094794 0.373629 0.271638 0.672810 0.691007 0.238969 0.112823
1724138716.490726 0.093099 0.358943 0.270839 0.675788 0.690153 0.218956 0.138047
1724138716.524060 0.090294 0.345719 0.271726 0.681983 0.686885 0.189888 0.164411
1724138716.557395 0.087311 0.336126 0.274234 0.682293 0.688753 0.164542 0.181717
1724138716.590709 0.084235 0.328145 0.277016 0.686203 0.683790 0.137359 0.206613
1724138716.624024 0.081136 0.322979 0.281686 0.686447 0.681888 0.109038 0.227882
1724138716.657319 0.078626 0.321069 0.286337 0.685272 0.679518 0.086583 0.247307
1724138716.690615 0.076567 0.322349 0.290522 0.685201 0.674447 0.069365 0.266101
1724138716.723900 0.074987 0.326994 0.294820 0.685738 0.671235 0.055293 0.275951
1724138716.757185 0.074449 0.335039 0.297610 0.683280 0.672327 0.050578 0.280262
1724138716.790461 0.075521 0.345569 0.299518 0.676979 0.677600 0.052277 0.282532
1724138716.823747 0.078265 0.357540 0.300499 0.662453 0.691245 0.061569 0.282038
1724138716.857032 0.082720 0.371143 0.301269 0.638538 0.715093 0.077272 0.273753
1724138716.890328 0.087143 0.386188 0.302097 0.614636 0.736699 0.092461 0.266359
1724138716.923642 0.091464 0.402175 0.302548 0.588682 0.758852 0.109562 0.256111
1724138716.956947 0.096444 0.419376 0.302911 0.559292 0.782298 0.130091 0.241410
1724138716.990260 0.101410 0.436767 0.302959 0.531189 0.801864 0.150986 0.228158
1724138717.023583 0.105877 0.453637 0.303462 0.504005 0.819049 0.168011 0.216586
1724138717.056917 0.109827 0.469933 0.303950 0.477876 0.834485 0.183504 0.203950
1724138717.090271 0.113093 0.486542 0.304507 0.451854 0.849489 0.198377 0.186662
1724138717.123634 0.115540 0.502413 0.305063 0.432213 0.859888 0.211887 0.169965
1724138717.156997 0.117180 0.516375 0.305032 0.420553 0.865054 0.225270 0.155145
1724138717.190360 0.118533 0.530046 0.305184 0.414516 0.867258 0.235862 0.142858
1724138717.223723 0.120257 0.543006 0.305117 0.411495 0.866991 0.250133 0.128183
1724138717.257094 0.122596 0.554585 0.304726 0.415229 0.861847 0.265929 0.118688
1724138717.290457 0.126376 0.563382 0.303107 0.414177 0.856809 0.286410 0.110929
1724138717.323811 0.131793 0.569423 0.303145 0.409345 0.854571 0.301641 0.105630
1724138717.357174 0.139387 0.569621 0.306061 0.419660 0.847414 0.299795 0.126083
1724138717.390527 0.147078 0.568621 0.307784 0.435674 0.835262 0.299376 0.151325
1724138717.423890 0.153640 0.568223 0.308242 0.462592 0.816226 0.301459 0.170016
1724138717.457263 0.159303 0.568239 0.308100 0.493970 0.792905 0.308387 0.179427
1724138717.490625 0.164490 0.569982 0.306849 0.531764 0.763376 0.318196 0.182307
1724138717.523988 0.170806 0.572710 0.306728 0.571152 0.727422 0.330612 0.187985
1724138717.557350 0.178286 0.574788 0.307371 0.602756 0.692805 0.346196 0.191976
1724138717.590714 0.188093 0.575339 0.307659 0.623880 0.661739 0.365454 0.198292
1724138717.624086 0.198775 0.574306 0.307881 0.635275 0.638885 0.382183 0.205396
1724138717.657459 0.208632 0.569844 0.306805 0.633168 0.632992 0.392515 0.210596
1724138717.690832 0.217540 0.561484 0.306513 0.617385 0.646207 0.393959 0.214590
1724138717.724203 0.226921 0.551857 0.304598 0.589984 0.669962 0.391567 0.223034
1724138717.757566 0.236922 0.542254 0.302369 0.557395 0.697000 0.385394 0.234464
1724138717.790939 0.245634 0.533484 0.300205 0.519532 0.730086 0.374115 0.238953
1724138717.824302 0.253165 0.527174 0.298539 0.478480 0.766261 0.360881 0.231661
1724138717.857665 0.260006 0.523706 0.296974 0.443478 0.794963 0.348463 0.223462
1724138717.891028 0.265491 0.521446 0.294888 0.409156 0.823582 0.332239 0.209574
1724138717.924381 0.269007 0.519634 0.292126 0.371295 0.853643 0.310720 0.192059
1724138717.957733 0.272966 0.519269 0.290928 0.339475 0.876773 0.292403 0.174717
1724138717.991067 0.276005 0.520974 0.289786 0.309567 0.897897 0.272881 0.153249
1724138718.024400 0.278134 0.524442 0.288180 0.287318 0.913013 0.257145 0.133166
1724138718.057724 0.279694 0.529478 0.286088 0.276082 0.922329 0.245201 0.113863
1724138718.091029 0.280355 0.534649 0.284327 0.268779 0.930991 0.229773 0.090650
1724138718.124334 0.279935 0.540596 0.282167 0.275234 0.934417 0.216010 0.066718
1724138718.157629 0.279106 0.547978 0.279639 0.287282 0.934915 0.204203 0.041290
1724138718.190925 0.276811 0.555487 0.277197 0.304418 0.932459 0.194328 0.009274
1724138718.224230 0.275768 0.563215 0.275769 0.335283 0.924352 0.181658 -0.012609
1724138718.257514 0.276163 0.572098 0.273505 0.352841 0.917479 0.179721 -0.037887
1724138719.290795 0.448261 0.454457 0.261261 0.656158 0.689033 0.183467 0.247041
1724138719.324138 0.442917 0.446900 0.263338 0.648326 0.707655 0.159489 0.231216
1724138719.357482 0.436381 0.442591 0.264229 0.638523 0.729227 0.139789 0.202424
1724138719.390816 0.427663 0.440137 0.265847 0.641160 0.739585 0.115093 0.169356
1724138719.424150 0.418339 0.439242 0.267909 0.650739 0.741056 0.088068 0.140064
1724138719.457464 0.409935 0.440500 0.268506 0.651440 0.748192 0.072413 0.102915
1724138719.490768 0.400603 0.442653 0.271461 0.657487 0.749311 0.048552 0.062349
1724138719.524054 0.391002 0.445581 0.276421 0.664095 0.747054 0.020103 0.021978
1724138719.557330 0.383364 0.449001 0.280707 0.665882 0.745916 -0.004011 -0.013936
1724138719.590587 0.377663 0.452779 0.283018 0.662277 0.747572 -0.020779 -0.045749
1724138719.623824 0.373800 0.456928 0.282815 0.657603 0.749650 -0.033547 -0.066768
1724138719.657071 0.370774 0.461569 0.280368 0.651460 0.753180 -0.038576 -0.082654
1724138719.690308 0.368318 0.468728 0.277302 0.644817 0.756548 -0.040356 -0.101085
1724138719.723545 0.365614 0.477510 0.274339 0.643411 0.755203 -0.042861 -0.117697
1724138719.756792 0.363549 0.488893 0.269866 0.644957 0.751598 -0.039497 -0.132555
1724138719.790039 0.362907 0.502842 0.263759 0.648872 0.746565 -0.029075 -0.144084
1724138719.823296 0.363271 0.518036 0.257030 0.653701 0.740669 -0.013828 -0.154574
1724138721.957258 0.420586 0.375069 0.241947 0.723431 0.690066 0.001253 0.021300
1724138721.990533 0.404420 0.369232 0.248479 0.730108 0.682669 -0.029985 0.002457
1724138722.023798 0.387304 0.365163 0.254754 0.734814 0.675554 -0.058807 -0.014747
1724138722.057065 0.370127 0.362152 0.260006 0.736567 0.670555 -0.082514 -0.031893
1724138722.090312 0.352761 0.361260 0.264713 0.734305 0.669526 -0.098535 -0.053126
1724138722.123559 0.335200 0.363240 0.267732 0.732181 0.668687 -0.106367 -0.073853
1724138722.156815 0.317857 0.368048 0.268456 0.732322 0.666540 -0.105905 -0.090630
1724138722.190072 0.301435 0.376004 0.267628 0.734642 0.662594 -0.099575 -0.106558
1724138722.223337 0.286439 0.386641 0.265628 0.735903 0.660021 -0.084763 -0.125036
1724138722.256594 0.272641 0.400342 0.262093 0.737897 0.657083 -0.061545 -0.141290
1724138722.890246 0.231485 0.531806 0.209060 0.632580 0.742540 0.179482 0.127522
1724138722.990266 0.193452 0.497768 0.219547 0.666569 0.724895 0.058862 0.163548
1724138723.056894 0.158574 0.483631 0.229698 0.686065 0.709922 -0.014307 0.158496
1724138723.090189 0.139751 0.481476 0.233051 0.690711 0.707476 -0.036527 0.145127
1724138723.123485 0.119268 0.483568 0.237669 0.698680 0.702968 -0.058639 0.119348
1724138723.156770 0.098338 0.489035 0.242036 0.707894 0.695565 -0.077135 0.095526
1724138724.023584 0.109106 0.591014 0.300948 0.630098 0.738203 0.231701 0.065935
1724138724.090339 0.093978 0.550602 0.312796 0.676600 0.717079 0.143596 0.085971
1724138724.123692 0.083930 0.535246 0.318381 0.700651 0.699967 0.106043 0.088824
1724138724.157016 0.071294 0.522890 0.325569 0.725281 0.679904 0.065819 0.085822
1724138724.190331 0.058604 0.514992 0.331444 0.747719 0.658276 0.032742 0.080730
1724138724.223635 0.044916 0.510987 0.336804 0.768080 0.636461 0.004592 0.070354
1724138724.256911 0.031125 0.511516 0.343291 0.784159 0.618377 -0.018863 0.048471
1724138724.290187 0.018509 0.516577 0.348474 0.797494 0.601957 -0.031417 0.025775
1724138724.323463 0.006749 0.525417 0.353636 0.809432 0.585878 -0.039569 0.000778
1724138724.356729 -0.003328 0.537831 0.358108 0.819819 0.570637 -0.041328 -0.023716
1724138724.389986 -0.010626 0.553105 0.360570 0.824968 0.562468 -0.029287 -0.046910
1724138724.423251 -0.015601 0.570247 0.362480 0.824938 0.560696 -0.009129 -0.070809
1724138724.456527 -0.018083 0.587981 0.364668 0.821283 0.562186 0.019009 -0.095285
1724138724.523099 -0.015483 0.623641 0.367838 0.800824 0.575637 0.095298 -0.135061
1724138724.756532 0.043293 0.680563 0.378306 0.649101 0.643042 0.378742 -0.147377
1724138724.789915 0.052142 0.674983 0.378021 0.646282 0.645831 0.385190 -0.129814
1724138724.823307 0.060330 0.665253 0.377252 0.644557 0.650258 0.385914 -0.113054
1724138724.856707 0.067809 0.652643 0.372987 0.650683 0.656554 0.371155 -0.088272
1724138724.890099 0.072950 0.631749 0.370481 0.657336 0.664211 0.350481 -0.062423
1724138724.923501 0.077297 0.611476 0.367023 0.663660 0.669708 0.331059 -0.038020
1724138724.956893 0.080311 0.591038 0.364096 0.680447 0.668209 0.300509 -0.013513
1724138725.023655 0.078679 0.547006 0.362605 0.735126 0.636379 0.231007 0.035325
1724138725.057028 0.077925 0.527867 0.361535 0.757644 0.618174 0.200568 0.060082
1724138725.090391 0.075917 0.508210 0.360165 0.777981 0.598788 0.168899 0.087586
1724138725.123745 0.072747 0.489462 0.358944 0.793157 0.582480 0.138210 0.111879
1724138725.157088 0.069285 0.472061 0.356805 0.805313 0.565704 0.112838 0.136810
1724138725.190432 0.064374 0.455625 0.354799 0.815594 0.548909 0.085824 0.161679
1724138725.223755 0.057815 0.441505 0.353901 0.821891 0.538602 0.059577 0.175649
1724138725.257089 0.049303 0.430150 0.352891 0.825298 0.533672 0.037434 0.180766
1724138725.290394 0.038590 0.421554 0.353047 0.830865 0.525790 0.010469 0.181929
1724138725.323689 0.027537 0.416517 0.353713 0.834028 0.523405 -0.010971 0.174138
1724138725.356975 0.017483 0.415703 0.353372 0.834062 0.528330 -0.019312 0.157590
1724138725.390251 0.008602 0.419402 0.353281 0.834343 0.534180 -0.022827 0.134173
1724138725.423517 0.001782 0.427156 0.351833 0.833553 0.541377 -0.014656 0.109021
1724138725.456764 -0.002769 0.438937 0.349442 0.831646 0.549427 0.003695 0.080509
1724138725.490020 -0.005311 0.453630 0.347455 0.826470 0.560115 0.029314 0.048578
1724138725.523287 -0.005442 0.470163 0.345744 0.820018 0.568926 0.059711 0.018119
1724138725.589858 0.001526 0.507039 0.341133 0.791371 0.591139 0.150744 -0.039518
1724138725.689840 0.022996 0.555075 0.340243 0.736974 0.609363 0.278283 -0.090026
1724138725.723203 0.031577 0.567762 0.341699 0.724709 0.608761 0.309056 -0.093232
1724138725.756556 0.042489 0.579354 0.341499 0.712912 0.606536 0.340016 -0.090883
1724138725.789928 0.054918 0.586463 0.341893 0.699306 0.606018 0.369732 -0.083741
1724138725.823311 0.068105 0.590047 0.341535 0.686951 0.607351 0.392996 -0.069112
1724138725.856702 0.083018 0.591348 0.339506 0.677088 0.608364 0.411478 -0.046162
1724138725.890104 0.096842 0.587375 0.336760 0.670581 0.608182 0.424387 -0.018230
1724138725.923515 0.111346 0.581233 0.334100 0.670114 0.605937 0.428493 0.013453
1724138725.956926 0.124444 0.572086 0.331687 0.672166 0.604089 0.425677 0.045473
1724138725.990346 0.135961 0.560503 0.330376 0.679330 0.601083 0.414198 0.075164
1724138726.023747 0.145325 0.546073 0.329616 0.688150 0.597442 0.398868 0.102062
1724138726.057148 0.152660 0.530061 0.329242 0.698177 0.594960 0.377199 0.127643
1724138726.090541 0.157048 0.511605 0.329884 0.710371 0.593322 0.347377 0.150570
1724138726.123923 0.158802 0.492751 0.330714 0.727422 0.587706 0.309997 0.171347
1724138726.157296 0.158369 0.473552 0.332926 0.742343 0.584651 0.269279 0.186007
1724138726.190659 0.156759 0.456358 0.335058 0.757449 0.578486 0.229003 0.197944
1724138726.224011 0.151897 0.439767 0.337525 0.776884 0.567113 0.179558 0.206380
1724138726.257345 0.146731 0.426782 0.343128 0.791659 0.560456 0.130423 0.205316
1724138726.290669 0.143034 0.417993 0.347055 0.801890 0.555031 0.098450 0.198042
1724138726.323974 0.138382 0.410788 0.352248 0.812002 0.548844 0.059658 0.189378
1724138726.357270 0.134163 0.406112 0.358584 0.813816 0.553998 0.025472 0.173613
1724138726.390555 0.131767 0.404946 0.364396 0.807299 0.571179 0.007252 0.148225
1724138726.423821 0.129183 0.407218 0.371297 0.798708 0.590472 -0.008558 0.115477
1724138726.457087 0.127495 0.413023 0.379370 0.791637 0.605468 -0.024247 0.078301
1724138726.490334 0.127146 0.421801 0.386178 0.783228 0.619757 -0.029421 0.039877
1724138726.523571 0.128954 0.433329 0.392641 0.774276 0.632207 -0.028443 0.001171
1724138726.556818 0.132425 0.446251 0.397724 0.768834 0.638267 -0.025244 -0.029528
1724138726.590055 0.138649 0.460933 0.399996 0.760833 0.646284 -0.007789 -0.058218
1724138726.623311 0.147616 0.476536 0.400867 0.755112 0.650743 0.013528 -0.078458
1724138726.656578 0.158122 0.491812 0.399991 0.749963 0.653856 0.037582 -0.092817
1724138726.689863 0.171706 0.507982 0.397275 0.741652 0.658826 0.071405 -0.103934
1724138726.723159 0.184930 0.522352 0.394538 0.730660 0.664130 0.112229 -0.111677
1724138726.923191 0.292961 0.578020 0.394103 0.650981 0.671549 0.341029 -0.094577
1724138726.956554 0.310558 0.574615 0.394107 0.646822 0.674814 0.347831 -0.072529
1724138726.989925 0.326962 0.565671 0.392999 0.639697 0.682276 0.350295 -0.050800
1724138727.023297 0.344500 0.554371 0.392211 0.633877 0.691193 0.345884 -0.028572
1724138727.056669 0.355720 0.537934 0.388497 0.632961 0.698463 0.333932 0.000565
1724138727.090042 0.366968 0.518631 0.386971 0.632122 0.709218 0.311102 0.025435
1724138727.123415 0.376205 0.498503 0.385278 0.624111 0.722124 0.294974 0.044858
1724138727.156778 0.380881 0.478310 0.382872 0.628654 0.725411 0.271776 0.068626
1724138727.190141 0.383607 0.457868 0.382975 0.640247 0.727219 0.233442 0.082108
1724138727.223484 0.381182 0.438930 0.382968 0.647464 0.731174 0.198127 0.083195
1724138727.256837 0.377209 0.420788 0.382704 0.661711 0.726963 0.161517 0.087036
1724138727.290161 0.371554 0.405372 0.382668 0.675856 0.721257 0.122222 0.089829
1724138727.323466 0.365053 0.391663 0.382740 0.680895 0.722453 0.089807 0.079867
1724138727.356762 0.358125 0.379011 0.382715 0.690293 0.717356 0.056966 0.075170
1724138727.390038 0.350604 0.368506 0.382936 0.700096 0.710087 0.024250 0.071099
1724138727.423293 0.342110 0.361036 0.383269 0.705599 0.706518 -0.002597 0.054365
1724138727.456560 0.333349 0.356710 0.384238 0.712411 0.700429 -0.028683 0.032345
1724138727.489816 0.326215 0.354870 0.383919 0.718236 0.694135 -0.046702 0.011531
1724138727.523073 0.320709 0.356630 0.382056 0.722130 0.689639 -0.052313 -0.013742
1724138727.556340 0.316477 0.362242 0.379996 0.730441 0.679558 -0.054086 -0.041621
1724138727.589625 0.314824 0.370883 0.376700 0.743223 0.664055 -0.049987 -0.064432
1724138727.622920 0.315142 0.382687 0.372816 0.755311 0.648292 -0.035097 -0.089395
1724138727.656234 0.317480 0.396575 0.370490 0.767779 0.629975 -0.019645 -0.115157
1724138727.689568 0.321945 0.411602 0.368079 0.776129 0.614954 0.005169 -0.139386
1724138727.722912 0.328754 0.427062 0.365622 0.780977 0.603017 0.037068 -0.158341
1724138727.756265 0.338335 0.441457 0.362899 0.787634 0.589500 0.066193 -0.166557
1724138727.789628 0.348422 0.452933 0.359916 0.789788 0.580507 0.098561 -0.171850
1724138727.822990 0.358708 0.462847 0.361017 0.787587 0.574803 0.122151 -0.185437
1724138727.856363 0.367142 0.468085 0.364284 0.782517 0.573338 0.134902 -0.201871
1724138727.889745 0.373771 0.470239 0.369060 0.773854 0.578565 0.138338 -0.217431
1724138727.923118 0.379934 0.470147 0.372656 0.769898 0.583165 0.135668 -0.220841
1724138727.956490 0.386146 0.467104 0.372696 0.756744 0.599335 0.144509 -0.217378
1724138727.989862 0.393809 0.465197 0.370921 0.738346 0.620566 0.162754 -0.207974
1724138728.023214 0.402045 0.459086 0.367979 0.716082 0.641905 0.182824 -0.204351
1724138728.056568 0.409877 0.451391 0.368450 0.673834 0.678091 0.198489 -0.216199
1724138728.089921 0.415811 0.440207 0.372137 0.639449 0.711692 0.183572 -0.225612
1724138728.123255 0.423741 0.424261 0.374073 0.621522 0.739081 0.153019 -0.209891
1724138728.156570 0.432282 0.412769 0.370653 0.598993 0.761166 0.156538 -0.193209
1724138728.189875 0.442791 0.404080 0.366115 0.588516 0.773428 0.161832 -0.171078
1724138728.223159 0.452193 0.394162 0.362231 0.590430 0.778026 0.158170 -0.145090
1724138728.256464 0.460062 0.386417 0.357824 0.598844 0.775346 0.160244 -0.120605
1724138728.289760 0.467476 0.378438 0.352704 0.612636 0.765997 0.164563 -0.104141
1724138728.323075 0.473927 0.368861 0.347914 0.625383 0.757848 0.162679 -0.089989
1724138728.356389 0.479230 0.357287 0.342811 0.628189 0.756894 0.160176 -0.082663
1724138728.389714 0.482510 0.342856 0.338656 0.636222 0.754771 0.142172 -0.072996
1724138728.423056 0.484042 0.327465 0.334204 0.642043 0.754364 0.121876 -0.062140
1724138728.456381 0.482002 0.308705 0.330920 0.652393 0.751574 0.084944 -0.047997
1724138728.489715 0.477296 0.289131 0.331239 0.654976 0.753049 0.042134 -0.046354
1724138728.523020 0.470603 0.272506 0.330206 0.658062 0.751275 0.007256 -0.049884
1724138728.556315 0.461338 0.260153 0.330773 0.673713 0.736799 -0.029337 -0.048758
1724138728.589591 0.451045 0.253225 0.330736 0.688314 0.720815 -0.053600 -0.061459
1724138728.622875 0.439589 0.251195 0.331118 0.709771 0.696104 -0.075491 -0.077229
1724138728.656161 0.428522 0.254358 0.335141 0.729017 0.668791 -0.100484 -0.105618
1724138728.689466 0.418766 0.260985 0.337785 0.741464 0.647310 -0.110631 -0.137774
1724138728.722780 0.410956 0.270023 0.339090 0.749646 0.629188 -0.112103 -0.172008
1724138728.756105 0.406005 0.282205 0.340097 0.752160 0.615661 -0.104098 -0.210667
1724138728.789439 0.402855 0.297401 0.339472 0.754739 0.603945 -0.086769 -0.241020
1724138728.822772 0.401307 0.312695 0.335588 0.756896 0.594355 -0.057815 -0.265533
1724138728.856116 0.402472 0.329327 0.331615 0.755740 0.588178 -0.021799 -0.287105
1724138729.022928 0.433058 0.394346 0.314978 0.695022 0.607179 0.171498 -0.344771
1724138729.056311 0.441823 0.399461 0.311729 0.677671 0.620517 0.199757 -0.340320
1724138729.089684 0.452243 0.401922 0.307353 0.658900 0.634382 0.226139 -0.335068
1724138729.123056 0.461686 0.402836 0.304413 0.644467 0.647483 0.246393 -0.323601
1724138729.156429 0.472451 0.401854 0.301435 0.639306 0.657711 0.253062 -0.307676
1724138729.189792 0.483290 0.398514 0.297626 0.631429 0.668370 0.262815 -0.292416
1724138729.223144 0.493589 0.393564 0.295476 0.629980 0.677146 0.263680 -0.273991
1724138729.256507 0.503316 0.386952 0.293270 0.636576 0.681974 0.256980 -0.252277
1724138729.289861 0.512772 0.378874 0.290440 0.641469 0.685905 0.253958 -0.231424
1724138729.323204 0.521444 0.368057 0.286919 0.653007 0.688084 0.239283 -0.207039
1724138729.356548 0.528431 0.355342 0.284553 0.657520 0.694682 0.226886 -0.183321
1724138729.456568 0.536078 0.307552 0.277704 0.686239 0.703063 0.142499 -0.120302
1724138729.523227 0.530821 0.275838 0.276536 0.706193 0.699931 0.064893 -0.084719
1724138729.556541 0.526361 0.262960 0.275653 0.710680 0.698414 0.036928 -0.076079
1724138729.589856 0.519580 0.252758 0.276415 0.721358 0.689406 0.003473 -0.065950
1724138729.623160 0.510478 0.246183 0.278641 0.731114 0.678431 -0.027213 -0.066813
1724138729.656465 0.499840 0.242760 0.281751 0.742317 0.663669 -0.056268 -0.073099
1724138729.689770 0.488316 0.242535 0.284517 0.755511 0.645113 -0.080679 -0.080766
1724138729.723075 0.477121 0.245585 0.287916 0.766029 0.627523 -0.101035 -0.095950
1724138729.756389 0.466689 0.250986 0.289065 0.774813 0.612624 -0.111830 -0.108856
1724138729.789695 0.457032 0.258109 0.288736 0.781517 0.601143 -0.114659 -0.121287
1724138729.823018 0.449211 0.267419 0.287725 0.785318 0.593790 -0.111622 -0.135017
1724138729.856343 0.442233 0.279110 0.286493 0.791219 0.583816 -0.106837 -0.147371
1724138729.889686 0.436440 0.293422 0.285236 0.798875 0.570582 -0.099517 -0.162268
1724138729.923020 0.431740 0.309519 0.283602 0.807795 0.555604 -0.088543 -0.175870
1724138729.956364 0.429492 0.327449 0.280852 0.816178 0.541002 -0.072606 -0.189472
1724138729.989697 0.429335 0.346487 0.277250 0.825480 0.525806 -0.050077 -0.199006
1724138730.156530 0.450817 0.428668 0.259285 0.844746 0.480565 0.093901 -0.215975
1724138730.723495 0.491258 0.316643 0.242280 0.645887 0.762586 -0.008930 -0.034811
1724138730.756771 0.478334 0.313651 0.250908 0.656107 0.752083 -0.039705 -0.048138
1724138730.790037 0.464291 0.314152 0.260307 0.670430 0.736045 -0.068197 -0.064121
1724138730.823293 0.450499 0.318214 0.268498 0.685736 0.717990 -0.087202 -0.081557
1724138730.856550 0.437026 0.325521 0.277155 0.703078 0.695880 -0.105785 -0.101201
1724138730.889806 0.425459 0.336401 0.285450 0.718913 0.673919 -0.120806 -0.120013
1724138730.923092 0.415336 0.348956 0.290413 0.732159 0.656099 -0.122728 -0.135702
1724138730.956378 0.407312 0.364837 0.294241 0.743157 0.640729 -0.118649 -0.152006
1724138730.989681 0.401062 0.383246 0.297364 0.753632 0.626457 -0.111373 -0.164883
1724138731.023005 0.396460 0.403667 0.299070 0.761218 0.616659 -0.097083 -0.175654
1724138731.056329 0.393948 0.425988 0.300469 0.765895 0.610711 -0.079537 -0.184690
1724138731.089654 0.392937 0.448470 0.301174 0.767833 0.609001 -0.059527 -0.189754
1724138731.122998 0.393743 0.471705 0.300650 0.765470 0.613101 -0.033237 -0.192505
1724138731.156341 0.395246 0.494363 0.300149 0.762840 0.618373 -0.006157 -0.188817
1724138731.189695 0.398298 0.516437 0.299787 0.758385 0.624615 0.020517 -0.185169
1724138731.223037 0.402551 0.537603 0.298118 0.756480 0.629045 0.048863 -0.172200
1724138731.289763 0.415321 0.573925 0.294210 0.749843 0.637877 0.104183 -0.141401
1724138731.323126 0.422948 0.588192 0.293643 0.747737 0.640647 0.121509 -0.125285
1724138731.356498 0.430648 0.599263 0.291802 0.747844 0.641686 0.136953 -0.101057
1724138731.389881 0.438880 0.607333 0.290039 0.745026 0.645672 0.148352 -0.077690
1724138731.423253 0.445294 0.612317 0.289951 0.740450 0.652713 0.149297 -0.058400
1724138731.456645 0.450125 0.612978 0.290071 0.739542 0.657266 0.140637 -0.036054
1724138731.490036 0.453785 0.610803 0.289374 0.735939 0.664340 0.130115 -0.010734
1724138731.523409 0.456540 0.605248 0.288654 0.727542 0.675769 0.117770 0.012209
1724138731.556792 0.457502 0.595919 0.288690 0.718378 0.687608 0.099173 0.035949
1724138731.590174 0.458090 0.584823 0.288789 0.705509 0.702063 0.079150 0.055669
1724138731.623546 0.457050 0.571880 0.289143 0.694410 0.713193 0.056490 0.077193
1724138731.656909 0.452445 0.558144 0.290708 0.686118 0.720788 0.029167 0.094107
1724138731.690272 0.445031 0.546180 0.293171 0.681201 0.724949 -0.000714 0.102053
1724138731.723606 0.434208 0.535319 0.295089 0.682409 0.722313 -0.029726 0.108157
1724138731.756940 0.420889 0.527034 0.298631 0.685547 0.718117 -0.061407 0.102774
1724138731.790264 0.407186 0.521516 0.300201 0.688023 0.714882 -0.082515 0.093588
1724138731.823568 0.393405 0.519439 0.299094 0.692073 0.710795 -0.095475 0.081789
1724138731.856854 0.378310 0.520774 0.300615 0.698810 0.704160 -0.111891 0.057479
1724138731.890139 0.363852 0.525206 0.301240 0.707999 0.694310 -0.123577 0.037411
1724138731.923406 0.350467 0.532306 0.300332 0.716805 0.685568 -0.126397 0.014502
1724138731.956672 0.338214 0.541935 0.300258 0.727321 0.674412 -0.126726 -0.010685
1724138731.989957 0.328062 0.553841 0.298467 0.738180 0.663163 -0.119457 -0.032178
1724138732.023232 0.320004 0.567233 0.296133 0.745556 0.655933 -0.103443 -0.056553
1724138732.056527 0.313327 0.581101 0.295474 0.751218 0.649170 -0.088491 -0.080116
1724138732.089832 0.308500 0.594366 0.295600 0.752531 0.646400 -0.073317 -0.102417
1724138732.123147 0.305570 0.606558 0.295303 0.748200 0.650252 -0.051798 -0.121189
1724138732.156481 0.304458 0.618028 0.294437 0.741485 0.656980 -0.027099 -0.133575
1724138732.189805 0.304799 0.628090 0.294415 0.734931 0.663240 -0.007203 -0.141199
1724138732.223148 0.306278 0.636827 0.294156 0.723971 0.673913 0.015645 -0.146501
1724138732.456649 0.361510 0.674283 0.284735 0.645053 0.742226 0.172667 -0.056508
1724138732.523404 0.379547 0.671687 0.285142 0.638327 0.748397 0.178514 -0.023962
1724138732.590168 0.392476 0.659768 0.286440 0.640018 0.752480 0.155137 0.009146
1724138732.623550 0.397373 0.652215 0.286772 0.640657 0.754326 0.141728 0.021526
1724138732.656923 0.400830 0.642580 0.286352 0.646455 0.751440 0.125861 0.039923
1724138732.690295 0.401219 0.630660 0.287075 0.649145 0.751516 0.104558 0.053872
1724138732.723668 0.399657 0.618138 0.288621 0.646931 0.755968 0.078952 0.061322
1724138732.757031 0.396183 0.604503 0.290231 0.648681 0.755937 0.051176 0.071783
1724138732.790383 0.390430 0.591199 0.291475 0.654343 0.751409 0.023846 0.081557
1724138732.823727 0.381977 0.579083 0.292375 0.663829 0.742644 -0.004490 0.088263
1724138732.857061 0.371006 0.568452 0.294140 0.675455 0.731120 -0.034826 0.089503
1724138732.890376 0.359664 0.560780 0.295798 0.683692 0.722113 -0.061632 0.085554
1724138732.923671 0.347655 0.554947 0.296895 0.690491 0.713821 -0.084701 0.080675
1724138732.956966 0.333076 0.551814 0.301399 0.699791 0.701086 -0.118016 0.069588
1724138732.990241 0.318042 0.551248 0.306934 0.704301 0.692999 -0.146264 0.048160
1724138733.023497 0.302834 0.552668 0.313143 0.705973 0.686833 -0.171533 0.020953
1724138733.056753 0.290544 0.556246 0.319331 0.706497 0.681457 -0.190917 -0.005393
1724138733.090010 0.279796 0.562660 0.319961 0.707429 0.680523 -0.188939 -0.027115
1724138733.123257 0.269977 0.572414 0.319461 0.711368 0.677337 -0.180334 -0.051472
1724138733.156524 0.261211 0.585508 0.320482 0.714923 0.672596 -0.170970 -0.085259
1724138733.189800 0.254157 0.600362 0.322195 0.718372 0.666341 -0.159591 -0.120259
1724138733.223094 0.249496 0.617089 0.323775 0.719019 0.662432 -0.141529 -0.155451
1724138733.823470 0.365529 0.646771 0.292297 0.701920 0.703482 0.094268 0.059458
1724138733.856843 0.362467 0.631060 0.295820 0.711332 0.694145 0.061718 0.091437
1724138733.890206 0.356997 0.615660 0.300118 0.714175 0.690597 0.030538 0.109991
1724138733.923569 0.348293 0.600062 0.304433 0.720847 0.680251 -0.003036 0.132775
1724138733.956913 0.335551 0.586959 0.310371 0.725683 0.672599 -0.038416 0.139707
1724138733.990246 0.320743 0.576291 0.316429 0.727585 0.668272 -0.068462 0.139087
1724138734.023559 0.302330 0.567694 0.322166 0.730709 0.662156 -0.098691 0.133695
1724138734.056874 0.283116 0.562082 0.329408 0.731615 0.659591 -0.128070 0.115224
1724138734.090169 0.264450 0.558977 0.332902 0.732241 0.659837 -0.139141 0.095280
1724138734.123455 0.243931 0.559444 0.334867 0.736021 0.657597 -0.146123 0.066985
1724138734.156721 0.224268 0.561935 0.339570 0.741192 0.652318 -0.155789 0.029067
1724138734.189997 0.205218 0.566846 0.341439 0.746709 0.646835 -0.154936 -0.005057
1724138734.256539 0.172578 0.584357 0.345211 0.747725 0.642932 -0.133126 -0.099115
1724138734.289834 0.159531 0.596492 0.343272 0.743833 0.646232 -0.099301 -0.138694
1724138734.323130 0.149469 0.610283 0.339343 0.739255 0.648225 -0.056626 -0.173497
1724138734.356425 0.140204 0.625145 0.335664 0.733260 0.648747 -0.010119 -0.203360
1724138734.389739 0.133773 0.640595 0.332895 0.730711 0.644204 0.025361 -0.224541
1724138734.423073 0.129381 0.654637 0.331731 0.726643 0.639694 0.058880 -0.243546
1724138734.623191 0.138006 0.689403 0.310525 0.702752 0.655977 0.186185 -0.202902
1724138734.656583 0.145136 0.685389 0.307027 0.703110 0.660973 0.193283 -0.177181
1724138734.689966 0.153416 0.679715 0.303744 0.702824 0.666455 0.198881 -0.149410
1724138734.723357 0.160679 0.670105 0.301830 0.708828 0.667978 0.194318 -0.116657
1724138734.756759 0.167332 0.658186 0.301743 0.712222 0.670505 0.187376 -0.089737
1724138734.790160 0.171804 0.645131 0.303207 0.717323 0.671996 0.172262 -0.064773
1724138734.823562 0.172726 0.628704 0.305751 0.723183 0.673617 0.147286 -0.039415
1724138734.856963 0.171687 0.612407 0.310260 0.719930 0.682356 0.124138 -0.026086
1724138734.890355 0.167136 0.595186 0.315384 0.719350 0.688310 0.092727 -0.012862
1724138734.923728 0.158763 0.578787 0.321980 0.719269 0.692365 0.056914 -0.006570
1724138734.957091 0.148158 0.564152 0.329396 0.717172 0.696521 0.022033 -0.006063
1724138734.990434 0.133944 0.551488 0.337413 0.716133 0.697741 -0.013459 -0.011423
1724138735.023757 0.120378 0.541364 0.346811 0.716821 0.695294 -0.047934 -0.020890
1724138735.057052 0.106788 0.535394 0.351861 0.720963 0.689138 -0.068340 -0.025114
1724138735.090338 0.092342 0.533364 0.356047 0.729745 0.677393 -0.086156 -0.034455
1724138735.123604 0.078860 0.534307 0.360329 0.738189 0.665035 -0.101726 -0.049560
1724138735.156861 0.066888 0.537898 0.361675 0.745041 0.655357 -0.106779 -0.063401
1724138735.190127 0.055811 0.544249 0.362106 0.749217 0.648631 -0.102800 -0.085924
1724138735.223373 0.045744 0.553250 0.362954 0.752802 0.641264 -0.095065 -0.114158
1724138735.256639 0.037308 0.564079 0.363664 0.756967 0.632735 -0.084211 -0.139843
1724138735.289906 0.030449 0.576201 0.362355 0.758611 0.627809 -0.063134 -0.162413
1724138735.323182 0.026296 0.588647 0.359554 0.754441 0.629613 -0.029207 -0.183176
1724138735.356467 0.024538 0.601894 0.356999 0.747359 0.633196 0.006381 -0.201186
1724138735.389753 0.024298 0.613772 0.355820 0.736706 0.638137 0.040133 -0.220077
1724138735.423048 0.025483 0.624891 0.355592 0.722069 0.644879 0.073874 -0.239353
1724138735.589736 0.061254 0.651774 0.343658 0.648185 0.692174 0.218492 -0.230243
1724138735.623099 0.073415 0.648522 0.338857 0.648787 0.695634 0.229936 -0.205665
1724138735.656472 0.087218 0.642055 0.334074 0.654865 0.695760 0.236048 -0.177064
1724138735.689854 0.099461 0.630900 0.329293 0.669507 0.692702 0.226713 -0.143268
1724138735.723246 0.111604 0.614687 0.327332 0.681110 0.690778 0.212984 -0.116414
1724138735.790029 0.132417 0.572910 0.323040 0.710182 0.682126 0.167348 -0.048379
1724138735.823421 0.140383 0.549383 0.321947 0.712374 0.685224 0.149730 -0.023918
1724138735.856813 0.146124 0.523456 0.322031 0.720354 0.682515 0.123541 0.000979
1724138735.890186 0.148766 0.498375 0.323786 0.730243 0.676546 0.092194 0.023054
1724138735.923558 0.148910 0.474564 0.325842 0.736680 0.672119 0.063725 0.038690
1724138735.956912 0.145916 0.451623 0.328390 0.740421 0.669404 0.037152 0.047902
1724138735.990254 0.139450 0.431675 0.331886 0.741434 0.669268 0.011319 0.047200
1724138736.023587 0.128180 0.414642 0.335684 0.741567 0.669788 -0.014637 0.035333
1724138736.056883 0.114738 0.400738 0.342212 0.747236 0.662266 -0.050854 0.021359
1724138736.090178 0.101328 0.391172 0.344965 0.753203 0.653876 -0.070776 0.011062
1724138736.123444 0.088421 0.386060 0.344441 0.761714 0.643368 -0.076574 0.002440
1724138736.156691 0.075040 0.385918 0.344768 0.771972 0.630522 -0.079441 -0.013831
1724138736.189957 0.061090 0.390101 0.346566 0.784710 0.613361 -0.082687 -0.034382
1724138736.223204 0.047681 0.398053 0.349421 0.797386 0.594658 -0.083243 -0.060232
1724138736.256461 0.036701 0.408800 0.352236 0.808197 0.577191 -0.079201 -0.085996
1724138736.289708 0.028790 0.421546 0.352379 0.816362 0.563979 -0.064420 -0.106448
1724138736.322984 0.024224 0.436279 0.350141 0.821576 0.555326 -0.039166 -0.122850
1724138736.356260 0.022964 0.451561 0.346658 0.824408 0.549615 -0.007599 -0.134970
1724138736.389554 0.024644 0.467798 0.342841 0.825225 0.545658 0.026388 -0.143405
1724138736.422868 0.028451 0.484965 0.339965 0.823413 0.543359 0.062355 -0.151209
1724138736.456203 0.035270 0.500286 0.339065 0.819723 0.541294 0.097462 -0.159862
1724138736.522900 0.054724 0.528133 0.337694 0.805355 0.541548 0.173933 -0.166961
1724138736.589673 0.080908 0.549631 0.336964 0.779078 0.549381 0.259806 -0.154007
1724138736.623084 0.095364 0.554803 0.337208 0.764393 0.554963 0.295407 -0.143018
1724138736.656505 0.108637 0.554581 0.337806 0.752588 0.560369 0.320824 -0.129111
1724138736.689945 0.120483 0.550719 0.336533 0.745501 0.567755 0.331860 -0.108406
1724138736.723395 0.132041 0.542623 0.332370 0.735391 0.580660 0.340203 -0.079347
1724138736.756845 0.142123 0.529112 0.326600 0.722028 0.599600 0.342582 -0.042348
1724138736.790294 0.150306 0.510618 0.321584 0.710634 0.620408 0.331786 -0.003328
1724138736.823744 0.154961 0.488500 0.316574 0.704825 0.638468 0.307207 0.034703
1724138736.857185 0.155954 0.462903 0.313200 0.704801 0.653025 0.267893 0.071042
1724138736.890625 0.153780 0.436058 0.311049 0.704311 0.666072 0.222022 0.104883
1724138736.924046 0.148946 0.408726 0.309299 0.703130 0.675151 0.176053 0.137056
1724138736.957448 0.141088 0.381802 0.308844 0.702612 0.680308 0.127528 0.165090
1724138736.990839 0.130038 0.356668 0.310359 0.700202 0.685412 0.075573 0.184976
1724138737.024210 0.115180 0.334729 0.312674 0.695568 0.692572 0.027591 0.189122
1724138737.057544 0.097581 0.318680 0.314634 0.697469 0.692577 -0.014726 0.183458
1724138737.090859 0.076452 0.308472 0.315606 0.706528 0.686150 -0.051852 0.165309
1724138737.124135 0.054324 0.303991 0.317445 0.723195 0.670339 -0.086854 0.141738
1724138737.157382 0.034515 0.304493 0.315384 0.738613 0.655647 -0.105205 0.116236
1724138737.190609 0.016344 0.309603 0.312014 0.752695 0.643003 -0.114762 0.082625
1724138737.223827 0.000938 0.316975 0.309643 0.766446 0.627994 -0.124758 0.051183
1724138737.257035 -0.011374 0.326309 0.304518 0.774349 0.620879 -0.120671 0.018212
1724138737.290224 -0.021737 0.339120 0.298858 0.780539 0.615424 -0.107864 -0.019420
1724138737.323423 -0.028625 0.354023 0.294414 0.787747 0.606370 -0.096061 -0.050429
1724138737.356621 -0.031832 0.370351 0.288741 0.788448 0.605638 -0.068063 -0.083183
1724138737.389819 -0.033031 0.388292 0.283383 0.785635 0.607303 -0.029420 -0.114435
1724138737.489570 -0.022134 0.445469 0.277309 0.778979 0.597981 0.080183 -0.170826
1724138737.556219 -0.003896 0.472956 0.279776 0.771885 0.592780 0.146561 -0.176991
1724138737.589571 0.008026 0.481043 0.280733 0.770940 0.591019 0.169663 -0.166022
1724138737.622953 0.022101 0.485931 0.280563 0.762929 0.596025 0.200480 -0.150004
1724138737.656345 0.038700 0.486736 0.280785 0.754470 0.603390 0.225928 -0.125104
1724138737.689766 0.055633 0.480419 0.281130 0.747039 0.611402 0.243150 -0.094863
1724138737.723197 0.073328 0.470882 0.282682 0.739617 0.620326 0.252858 -0.065009
1724138737.756627 0.089598 0.457346 0.283514 0.734528 0.628158 0.254978 -0.029541
1724138737.790086 0.105732 0.438092 0.285957 0.726824 0.637630 0.255177 0.006253
1724138737.823536 0.118636 0.418143 0.288766 0.724898 0.642997 0.243596 0.041697
1724138737.856986 0.126370 0.396507 0.291973 0.726631 0.646211 0.222608 0.069745
1724138737.890446 0.130704 0.373135 0.295525 0.727027 0.650651 0.197979 0.094283
1724138737.923886 0.131519 0.349770 0.298612 0.724291 0.657499 0.173989 0.113253
1724138737.957297 0.127638 0.327624 0.301628 0.724627 0.661974 0.145417 0.124739
1724138737.990698 0.119454 0.307356 0.304379 0.728364 0.663414 0.113460 0.128434
1724138738.024079 0.107453 0.289896 0.305713 0.734769 0.661246 0.082889 0.126486
1724138738.057433 0.092595 0.275619 0.306108 0.743052 0.656711 0.054193 0.116907
1724138738.090757 0.074673 0.265541 0.306843 0.751703 0.651840 0.025916 0.096830
1724138738.124062 0.055404 0.259570 0.307578 0.757501 0.649393 0.003373 0.066851
1724138738.157328 0.035901 0.258758 0.308403 0.761929 0.646927 -0.011896 0.028442
1724138738.190574 0.018408 0.260876 0.310212 0.766423 0.641776 -0.024889 -0.009996
1724138738.223783 0.004417 0.265331 0.310895 0.766931 0.639449 -0.027123 -0.046744
1724138738.256991 -0.005066 0.271013 0.312185 0.765793 0.637489 -0.027451 -0.080101
1724138738.290190 -0.009753 0.277068 0.312313 0.764808 0.635368 -0.022918 -0.104165
1724138738.323388 -0.009346 0.283152 0.311049 0.766348 0.631389 -0.015727 -0.117520
1724138738.356577 -0.003750 0.288771 0.308783 0.770320 0.626017 -0.009246 -0.120930
1724138738.389775 0.006524 0.294346 0.305934 0.773176 0.622529 0.000420 -0.121062
1724138738.422993 0.020670 0.299609 0.303831 0.776437 0.618679 0.008404 -0.119629
1724138738.456230 0.037672 0.303872 0.302353 0.779854 0.614830 0.015002 -0.116567
1724138738.489526 0.057344 0.306953 0.301572 0.781976 0.612767 0.020170 -0.112352
1724138738.522860 0.078895 0.308696 0.301343 0.782094 0.613506 0.024035 -0.106588
1724138738.556194 0.101451 0.308678 0.301565 0.781319 0.615777 0.024852 -0.098699
1724138738.589566 0.124854 0.306718 0.301881 0.779526 0.619728 0.023680 -0.087833
1724138738.622900 0.148632 0.303763 0.302494 0.773760 0.627896 0.026437 -0.079649
1724138738.656234 0.171775 0.300128 0.303654 0.771882 0.631491 0.024591 -0.069376
1724138738.689568 0.194417 0.295928 0.305424 0.772624 0.631849 0.020245 -0.058387
1724138738.722902 0.216286 0.291769 0.307780 0.775377 0.629664 0.013267 -0.046242
1724138738.756236 0.236801 0.288268 0.310506 0.780849 0.623854 0.005343 -0.032443
1724138738.789578 0.256988 0.286111 0.313669 0.785644 0.618397 -0.001297 -0.018640
1724138738.822922 0.275779 0.285088 0.317414 0.794220 0.607485 -0.013251 0.001229
1724138738.856285 0.292627 0.285590 0.321511 0.806423 0.589983 -0.028983 0.027614
1724138738.889648 0.308034 0.289030 0.325286 0.811221 0.581592 -0.037804 0.047351
1724138738.923021 0.320909 0.294204 0.330097 0.814607 0.573440 -0.053347 0.068820
1724138738.956402 0.330889 0.301518 0.335334 0.817145 0.564263 -0.072554 0.092833
1724138738.989783 0.339041 0.311451 0.339875 0.815266 0.561688 -0.086783 0.110978
1724138739.023154 0.344853 0.323347 0.344346 0.816515 0.551002 -0.106021 0.135869
1724138739.056528 0.348848 0.337746 0.348649 0.815918 0.542744 -0.124932 0.155239
1724138739.089910 0.351751 0.353860 0.353041 0.811723 0.540706 -0.142146 0.168934
1724138739.123263 0.353249 0.371362 0.357178 0.806889 0.538149 -0.158884 0.184613
1724138739.156616 0.353634 0.391143 0.360307 0.800000 0.542791 -0.170069 0.190933
1724138739.189949 0.353398 0.412752 0.362532 0.792028 0.552165 -0.175879 0.192021
1724138739.223293 0.352066 0.435859 0.363866 0.784712 0.561066 -0.178695 0.193651
1724138739.256617 0.349468 0.460335 0.364773 0.777593 0.572605 -0.178045 0.189136
1724138739.289932 0.345844 0.486295 0.365366 0.771364 0.583712 -0.175148 0.183304
1724138739.323247 0.340493 0.513096 0.365998 0.765421 0.594334 -0.172603 0.176369
1724138739.356561 0.333865 0.539465 0.366888 0.756746 0.609894 -0.167153 0.165601
1724138739.389866 0.326694 0.565429 0.367565 0.745818 0.628604 -0.158812 0.152941
1724138739.423161 0.317947 0.591078 0.368179 0.735114 0.646384 -0.148462 0.140552
1724138739.456465 0.307723 0.615956 0.368720 0.726181 0.661375 -0.138616 0.126610
1724138739.489752 0.295502 0.639445 0.369607 0.719726 0.673022 -0.129217 0.111079
1724138739.523057 0.282118 0.660461 0.370177 0.716526 0.680288 -0.120811 0.095929
1724138739.556362 0.268068 0.677883 0.370618 0.714059 0.686403 -0.111905 0.080302
1724138739.589666 0.253902 0.692398 0.370298 0.712064 0.691389 -0.102930 0.065964
1724138739.622980 0.239615 0.702782 0.369531 0.711484 0.694028 -0.095652 0.054463
1724138739.656295 0.225446 0.708750 0.368265 0.709653 0.697492 -0.088948 0.044559
1724138739.689619 0.212273 0.710141 0.366967 0.707159 0.701035 -0.084341 0.036918
1724138739.722944 0.200207 0.707581 0.364707 0.704682 0.704248 -0.080034 0.032440
1724138739.756268 0.189546 0.702206 0.361441 0.702154 0.707408 -0.075367 0.029557
1724138739.789591 0.180653 0.694578 0.356839 0.699787 0.710377 -0.068863 0.030352
1724138739.822925 0.173340 0.685398 0.351745 0.695422 0.715468 -0.059753 0.030405
1724138739.856250 0.166335 0.675259 0.347059 0.692374 0.719174 -0.051082 0.028242
1724138739.889584 0.159487 0.663650 0.342630 0.695301 0.716685 -0.044430 0.030735
1724138739.922927 0.152119 0.650652 0.338895 0.698258 0.714150 -0.038614 0.030571
1724138739.956260 0.144895 0.636528 0.336146 0.699835 0.713048 -0.032080 0.027661
1724138739.989604 0.137980 0.621734 0.332728 0.702976 0.710326 -0.021289 0.028427
1724138740.022947 0.131241 0.606824 0.328967 0.706685 0.706891 -0.008809 0.028713
1724138740.056310 0.125008 0.592851 0.325132 0.704002 0.709769 0.011683 0.021759
1724138740.089663 0.119730 0.580485 0.321117 0.703575 0.709443 0.037570 0.016129
1724138740.123025 0.114958 0.568826 0.316731 0.706445 0.704521 0.066332 0.013643
1724138740.156408 0.109944 0.556638 0.313585 0.705809 0.702182 0.093520 0.005240
1724138740.189799 0.105090 0.542674 0.311246 0.705894 0.699158 0.113538 -0.001119
1724138740.223191 0.100403 0.527420 0.308027 0.704330 0.696947 0.134582 -0.008501
1724138740.256593 0.097036 0.510613 0.304403 0.706291 0.691132 0.152879 -0.010868
1724138740.290004 0.093927 0.491756 0.299339 0.708681 0.684768 0.169697 -0.008169
1724138740.323406 0.091240 0.471803 0.294809 0.707607 0.682539 0.182676 -0.007902
1724138740.356817 0.088556 0.452718 0.290379 0.701411 0.685175 0.196041 -0.011188
1724138740.390227 0.085736 0.434821 0.285590 0.699510 0.684419 0.205197 -0.012258
1724138740.423629 0.083202 0.418578 0.280066 0.702363 0.679263 0.212517 -0.011152
1724138740.457031 0.080728 0.403392 0.272912 0.708536 0.671763 0.216026 -0.006554
1724138740.490432 0.078312 0.388693 0.264144 0.715721 0.664098 0.216141 -0.000149
1724138740.523824 0.076325 0.373856 0.253200 0.723633 0.655133 0.216884 0.010830
1724138740.557216 0.075329 0.359449 0.240548 0.726506 0.648851 0.225262 0.020951
1724138740.590607 0.074057 0.344330 0.228818 0.726034 0.646477 0.232838 0.027008
1724138740.623999 0.073338 0.329572 0.217932 0.722119 0.647118 0.242587 0.030547
1724138740.657391 0.072701 0.315047 0.207931 0.718881 0.646487 0.253230 0.033742
1724138740.690774 0.071559 0.300443 0.199235 0.721183 0.641795 0.258046 0.037503
1724138740.724156 0.069967 0.286924 0.192235 0.724126 0.636402 0.262921 0.038810
1724138740.757547 0.068130 0.274443 0.186676 0.723336 0.634332 0.270588 0.034500
1724138740.824302 0.064692 0.250563 0.178293 0.717776 0.635473 0.283640 0.022792
