1724138701.988504 0.169490 0.536219 0.375556 0.718126 0.695690 -0.010583 0.014083
1724138702.021839 0.172723 0.516318 0.369465 0.723060 0.690520 -0.009181 0.016787
1724138702.055173 0.175419 0.496969 0.363948 0.728370 0.684888 -0.009313 0.017872
1724138702.088507 0.177831 0.477427 0.358683 0.734326 0.678257 -0.013314 0.023550
1724138702.121851 0.180217 0.460482 0.353030 0.739212 0.672944 -0.011842 0.023935
1724138702.155185 0.182552 0.445201 0.347033 0.745904 0.665564 -0.008066 0.024226
1724138702.188520 0.184679 0.429438 0.341601 0.752629 0.657559 -0.011029 0.032302
1724138702.221864 0.186408 0.414420 0.336320 0.755198 0.654202 -0.011533 0.039536
1724138702.255208 0.188836 0.400889 0.330739 0.756063 0.653028 -0.007513 0.043197
1724138702.288552 0.191483 0.387701 0.325762 0.756552 0.652143 -0.005439 0.048055
1724138702.321896 0.193712 0.374245 0.322256 0.754871 0.653635 -0.007758 0.053578
1724138702.355240 0.195886 0.362401 0.319297 0.752006 0.657023 -0.007206 0.052496
1724138702.388584 0.198513 0.351265 0.316363 0.749029 0.660462 -0.005593 0.052101
1724138702.421927 0.200779 0.339991 0.314014 0.746994 0.662439 -0.007546 0.055833
1724138702.455271 0.202942 0.330202 0.312579 0.745732 0.663653 -0.009979 0.057870
1724138702.488606 0.205196 0.322804 0.311190 0.744791 0.664856 -0.008658 0.056369
1724138702.521940 0.207382 0.317010 0.310478 0.744458 0.665250 -0.008713 0.056110
1724138702.555274 0.209420 0.313308 0.310133 0.744303 0.665479 -0.008672 0.055459
1724138702.588610 0.211247 0.312010 0.310259 0.743209 0.666910 -0.006808 0.053149
1724138702.621944 0.212187 0.313142 0.311345 0.740663 0.669959 -0.005536 0.050426
1724138702.655278 0.212125 0.316442 0.313543 0.737216 0.673945 -0.005294 0.047786
1724138702.688613 0.212125 0.322685 0.316700 0.733448 0.678215 -0.005838 0.045211
1724138702.721947 0.211476 0.331709 0.320429 0.730174 0.681991 -0.003955 0.041450
1724138702.755270 0.211338 0.343478 0.324271 0.727116 0.685401 -0.001456 0.039054
1724138702.788596 0.211066 0.357405 0.328739 0.723549 0.689230 0.000690 0.037930
1724138702.821930 0.210738 0.373686 0.334147 0.719866 0.693126 0.000906 0.036990
1724138702.855265 0.210580 0.392968 0.339779 0.715059 0.698274 0.004899 0.032853
1724138702.888599 0.210464 0.415016 0.345819 0.710775 0.702828 0.010912 0.026705
1724138702.921933 0.209776 0.437500 0.352588 0.707265 0.706437 0.014294 0.022774
1724138702.955268 0.208746 0.460445 0.359693 0.702397 0.711305 0.016739 0.020075
1724138702.988585 0.207617 0.484989 0.366958 0.697688 0.715942 0.021852 0.013445
1724138703.021920 0.206216 0.509380 0.374402 0.694226 0.719246 0.025740 0.008528
1724138703.055264 0.204693 0.532885 0.382014 0.689133 0.724056 0.028293 0.006213
1724138703.088608 0.202800 0.557391 0.389627 0.682775 0.729826 0.034228 -0.000535
1724138703.121942 0.200966 0.581665 0.397690 0.677605 0.734219 0.041299 -0.008203
1724138703.155285 0.198971 0.604922 0.405668 0.674178 0.737068 0.045793 -0.010860
1724138703.188629 0.196705 0.627487 0.413800 0.672860 0.737961 0.049940 -0.013341
1724138703.221974 0.194722 0.649237 0.421583 0.673984 0.736805 0.051610 -0.014154
1724138703.255317 0.192562 0.669460 0.428762 0.675804 0.735023 0.053363 -0.013519
1724138703.288651 0.190527 0.689156 0.435127 0.678003 0.732793 0.056007 -0.013734
1724138703.321995 0.188509 0.706238 0.441149 0.679390 0.731356 0.058180 -0.012756
1724138703.355329 0.186954 0.722222 0.446414 0.679112 0.731373 0.060993 -0.013424
1724138703.388673 0.185577 0.736693 0.450593 0.677462 0.732310 0.067072 -0.016352
1724138703.422017 0.184717 0.748296 0.454164 0.675490 0.733517 0.072892 -0.018785
1724138703.455361 0.184121 0.757469 0.456575 0.672767 0.735557 0.077037 -0.020139
1724138703.488705 0.183970 0.763685 0.457632 0.670059 0.737471 0.081896 -0.021201
1724138703.522039 0.183779 0.766817 0.458085 0.668790 0.738162 0.085512 -0.022899
1724138703.555392 0.183744 0.766956 0.457610 0.667599 0.739057 0.086421 -0.025235
1724138703.588726 0.182984 0.762632 0.455909 0.668563 0.738236 0.085851 -0.025707
1724138703.622061 0.182757 0.755621 0.453454 0.672692 0.734939 0.082204 -0.024341
1724138703.655395 0.181895 0.745556 0.450113 0.676931 0.731606 0.077504 -0.022597
1724138703.688729 0.181480 0.733660 0.446575 0.683149 0.726609 0.070660 -0.018822
1724138703.722063 0.181178 0.720810 0.442778 0.689387 0.721331 0.064871 -0.014827
1724138703.755387 0.181437 0.707826 0.438861 0.693362 0.717687 0.063125 -0.013752
1724138703.788721 0.182101 0.694312 0.434654 0.696765 0.714430 0.062929 -0.012200
1724138703.822056 0.183096 0.680539 0.430328 0.698681 0.712533 0.063383 -0.011156
1724138703.855390 0.185137 0.666755 0.425589 0.699313 0.711727 0.065286 -0.012008
1724138703.888724 0.187635 0.652143 0.420216 0.698782 0.712010 0.067951 -0.011301
1724138703.922068 0.190331 0.637380 0.414290 0.696269 0.713941 0.072907 -0.013482
1724138703.955402 0.193451 0.622476 0.407991 0.691332 0.718034 0.078478 -0.018145
1724138703.988724 0.196464 0.606441 0.401322 0.686017 0.722669 0.081837 -0.020800
1724138704.022070 0.199543 0.589344 0.394203 0.683422 0.725107 0.081971 -0.020858
1724138704.055423 0.202948 0.571213 0.386868 0.681963 0.726491 0.082106 -0.019894
1724138704.088767 0.205803 0.552653 0.379263 0.682757 0.725974 0.080177 -0.019396
1724138704.122119 0.208476 0.532844 0.371614 0.686968 0.722620 0.074402 -0.018973
1724138704.155453 0.210979 0.511241 0.363802 0.692016 0.718734 0.065867 -0.014042
1724138704.188778 0.213553 0.489613 0.355979 0.696219 0.715313 0.059321 -0.009341
1724138704.222112 0.215969 0.468236 0.347654 0.698246 0.713541 0.056980 -0.008028
1724138704.255446 0.218266 0.446638 0.339590 0.699956 0.712180 0.053247 -0.005092
1724138704.288780 0.220444 0.425113 0.332183 0.700718 0.711865 0.047335 -0.001404
1724138704.322114 0.222526 0.403980 0.325200 0.700512 0.712402 0.042013 0.000686
1724138704.355448 0.224597 0.384200 0.318396 0.699936 0.713137 0.039024 0.001608
1724138704.388773 0.226441 0.365756 0.311999 0.699414 0.713773 0.036559 0.003310
1724138704.422087 0.228008 0.348481 0.306001 0.698776 0.714506 0.034125 0.005357
1724138704.455413 0.229393 0.332003 0.300671 0.698523 0.714907 0.029909 0.008849
1724138704.488727 0.230064 0.316572 0.296431 0.696760 0.716758 0.025465 0.011652
1724138704.522042 0.230628 0.302388 0.292848 0.694308 0.719230 0.020816 0.014532
1724138704.555366 0.230827 0.289426 0.289919 0.692292 0.721238 0.014658 0.018228
1724138704.588681 0.230764 0.277888 0.288013 0.690760 0.722721 0.006577 0.021966
1724138704.621986 0.230958 0.268116 0.286691 0.690063 0.723282 -0.000815 0.025975
1724138704.655291 0.231238 0.261348 0.286229 0.690896 0.722223 -0.009324 0.031146
1724138704.688586 0.231510 0.257998 0.286904 0.692528 0.720345 -0.017296 0.034765
1724138704.721891 0.231175 0.257923 0.288619 0.693392 0.719255 -0.022753 0.036910
1724138704.755216 0.230626 0.262702 0.291397 0.694048 0.718349 -0.028474 0.038218
1724138704.788549 0.230104 0.272085 0.294280 0.695779 0.716632 -0.030294 0.037572
1724138704.821883 0.229219 0.284576 0.297240 0.698709 0.713862 -0.028631 0.037233
1724138704.855217 0.228321 0.299854 0.301376 0.702514 0.709792 -0.032675 0.040016
1724138704.888553 0.227140 0.317689 0.306006 0.704495 0.707476 -0.035293 0.043808
1724138704.921887 0.225935 0.338961 0.311432 0.704652 0.707586 -0.032837 0.041344
1724138704.955221 0.224593 0.363840 0.317703 0.705042 0.707780 -0.028331 0.034064
1724138704.988546 0.222559 0.389477 0.324305 0.703854 0.709380 -0.023930 0.028216
1724138705.021881 0.220375 0.415977 0.331436 0.701311 0.712223 -0.020342 0.022084
1724138705.055215 0.217792 0.442540 0.339019 0.699275 0.714435 -0.017727 0.016816
1724138705.088549 0.214895 0.468793 0.346562 0.696482 0.717330 -0.013827 0.012609
1724138705.121883 0.211818 0.495554 0.354473 0.695032 0.718865 -0.010054 0.007955
1724138705.155216 0.208386 0.521248 0.362988 0.695766 0.718163 -0.010776 0.006025
1724138705.188550 0.204778 0.546394 0.371612 0.695458 0.718478 -0.010856 0.002906
1724138705.221884 0.201041 0.572180 0.380430 0.694797 0.719159 -0.007762 -0.002617
1724138705.255219 0.197834 0.597767 0.389512 0.694599 0.719346 -0.003590 -0.007779
1724138705.288553 0.194960 0.622640 0.398268 0.695060 0.718867 -0.000164 -0.011017
1724138705.321887 0.191905 0.646734 0.406438 0.695162 0.718702 0.003884 -0.014187
1724138705.355221 0.188879 0.670446 0.414151 0.695708 0.717991 0.010198 -0.019401
1724138705.388555 0.186104 0.693163 0.421139 0.696341 0.717067 0.018033 -0.024487
1724138705.421889 0.183829 0.713944 0.427885 0.696452 0.716561 0.025437 -0.029118
1724138705.455232 0.181304 0.731892 0.433960 0.697046 0.715549 0.032002 -0.033052
1724138705.488566 0.179066 0.746811 0.438919 0.696881 0.715386 0.036550 -0.035260
1724138705.521900 0.177352 0.758459 0.443002 0.696102 0.715710 0.041332 -0.038624
1724138705.555244 0.175706 0.766840 0.445845 0.695520 0.715778 0.046223 -0.042157
1724138705.588588 0.174823 0.771481 0.447784 0.693817 0.716898 0.050316 -0.046308
1724138705.621931 0.174498 0.772036 0.447889 0.691082 0.719073 0.054693 -0.048450
1724138705.655275 0.174379 0.768799 0.446862 0.689112 0.720719 0.057500 -0.048813
1724138705.688619 0.174325 0.760535 0.444411 0.686455 0.723249 0.058229 -0.047963
1724138705.721962 0.174611 0.748274 0.440459 0.685157 0.724886 0.055863 -0.044488
1724138705.755296 0.175069 0.733455 0.435025 0.686007 0.724583 0.052847 -0.039760
1724138705.788640 0.175611 0.716370 0.429249 0.689836 0.721611 0.047349 -0.034089
1724138705.821974 0.175759 0.697755 0.423136 0.694042 0.718069 0.042131 -0.030112
1724138705.855308 0.175982 0.679415 0.416898 0.697507 0.714720 0.040528 -0.031892
1724138705.888642 0.176720 0.660095 0.410451 0.700252 0.711993 0.040170 -0.033170
1724138705.921976 0.178177 0.639362 0.403104 0.701402 0.710970 0.039873 -0.031097
1724138705.955310 0.180106 0.618720 0.395408 0.701480 0.710808 0.041051 -0.031496
1724138705.988637 0.182123 0.597486 0.387351 0.700849 0.711250 0.042862 -0.033133
1724138706.021971 0.184596 0.575102 0.378885 0.699175 0.713010 0.041851 -0.031930
1724138706.055305 0.187290 0.550959 0.370390 0.696107 0.716419 0.037894 -0.027246
1724138706.088639 0.190186 0.526116 0.362062 0.692601 0.720237 0.033709 -0.020658
1724138706.121973 0.192642 0.502162 0.354117 0.689985 0.722949 0.030440 -0.018408
1724138706.155307 0.195177 0.478256 0.346817 0.686356 0.726565 0.026767 -0.017377
1724138706.188631 0.198142 0.454058 0.340112 0.684592 0.728531 0.020000 -0.013254
1724138706.221956 0.200941 0.430134 0.334116 0.684289 0.729056 0.011396 -0.009836
1724138706.255280 0.203399 0.407095 0.328297 0.684459 0.729002 0.004838 -0.007001
1724138706.288584 0.206163 0.385649 0.322754 0.686259 0.727331 -0.000007 -0.006183
1724138706.321900 0.208807 0.364508 0.317596 0.686348 0.727244 -0.005983 -0.002645
1724138706.355234 0.211342 0.344176 0.313383 0.684424 0.728972 -0.012700 0.001823
1724138706.388568 0.213273 0.326566 0.309631 0.682375 0.730836 -0.015455 0.002092
1724138706.421902 0.215156 0.310485 0.305909 0.679921 0.733106 -0.016195 0.000990
1724138706.455236 0.217143 0.295618 0.302343 0.678886 0.733999 -0.018891 0.001325
1724138706.488531 0.219355 0.282711 0.298779 0.679176 0.733722 -0.019258 -0.000798
1724138706.521865 0.221495 0.272335 0.294511 0.680719 0.732364 -0.015020 -0.006216
1724138706.555199 0.223739 0.263037 0.289805 0.684319 0.728995 -0.010801 -0.012518
1724138706.588533 0.225821 0.254283 0.285201 0.688375 0.725120 -0.008080 -0.016576
1724138706.621867 0.228358 0.245584 0.281356 0.690949 0.722622 -0.006570 -0.019089
1724138706.655201 0.230277 0.237892 0.277445 0.693532 0.719871 -0.000370 -0.028277
1724138706.688535 0.232143 0.231575 0.274115 0.697296 0.715776 0.005043 -0.037650
1724138706.721908 0.234374 0.224694 0.271554 0.700351 0.712219 0.010547 -0.046273
1724138706.755242 0.236198 0.217922 0.269606 0.704316 0.707614 0.013616 -0.055096
1724138706.788576 0.238518 0.211724 0.267712 0.708746 0.702357 0.018409 -0.063519
1724138706.821910 0.240898 0.206726 0.265530 0.711351 0.697945 0.030873 -0.076803
1724138706.855244 0.243080 0.202392 0.263574 0.711824 0.694680 0.045636 -0.092976
1724138706.888578 0.245781 0.197086 0.262374 0.711292 0.693624 0.051293 -0.101578
1724138706.921912 0.248486 0.192139 0.261261 0.709548 0.693501 0.058724 -0.110226
1724138706.955246 0.250490 0.186542 0.260432 0.707246 0.694595 0.063434 -0.115400
1724138706.988575 0.252692 0.181492 0.260295 0.705729 0.695963 0.063746 -0.116271
1724138707.021908 0.254408 0.177946 0.260433 0.704941 0.695737 0.068020 -0.119925
1724138707.055242 0.255625 0.176140 0.260702 0.704294 0.695676 0.071454 -0.122063
1724138707.088576 0.256228 0.176726 0.261622 0.702977 0.696602 0.071765 -0.124168
1724138707.121910 0.256339 0.180095 0.262972 0.700162 0.698543 0.073275 -0.128228
1724138707.155244 0.256641 0.186030 0.264846 0.698519 0.700034 0.071796 -0.129879
1724138707.188578 0.257033 0.192872 0.266156 0.698999 0.701256 0.066845 -0.123178
1724138707.221912 0.257888 0.203028 0.267107 0.700481 0.701401 0.065047 -0.114596
1724138707.255246 0.258565 0.215481 0.268368 0.704028 0.699456 0.063011 -0.105520
1724138707.288580 0.259108 0.228752 0.269587 0.708920 0.696988 0.058087 -0.090921
1724138707.321914 0.258796 0.242847 0.270960 0.713388 0.694698 0.053366 -0.074995
1724138707.355248 0.257262 0.258395 0.273009 0.719870 0.689529 0.050244 -0.061746
1724138707.388582 0.254504 0.274450 0.275516 0.727375 0.682943 0.046572 -0.048433
1724138707.421916 0.249464 0.290354 0.278489 0.732514 0.678356 0.043397 -0.037054
1724138707.455259 0.241702 0.306934 0.281957 0.735269 0.675274 0.046445 -0.035045
1724138707.488593 0.232274 0.321856 0.285490 0.736367 0.674037 0.048613 -0.032775
1724138707.521927 0.220822 0.334981 0.289053 0.735041 0.675671 0.048772 -0.028374
1724138707.555280 0.207854 0.346731 0.292468 0.732783 0.678167 0.049752 -0.025366
1724138707.588624 0.194094 0.356740 0.295449 0.730870 0.680275 0.051220 -0.020778
1724138707.621958 0.179660 0.365489 0.297825 0.729009 0.682396 0.052136 -0.012784
1724138707.655302 0.164056 0.373689 0.299381 0.727140 0.684104 0.056675 -0.007491
1724138707.688636 0.148443 0.381229 0.300520 0.725899 0.684984 0.062103 -0.003221
1724138707.721970 0.132889 0.388010 0.301077 0.723837 0.686467 0.069395 0.002709
1724138707.755294 0.117214 0.393888 0.301530 0.721646 0.687867 0.077397 0.008759
1724138707.788627 0.101749 0.399014 0.302032 0.720491 0.688246 0.083716 0.014232
1724138707.821952 0.086367 0.403289 0.302811 0.719576 0.688610 0.087430 0.019578
1724138707.855276 0.071101 0.406782 0.304166 0.719415 0.688568 0.087941 0.024140
1724138707.888600 0.055772 0.409263 0.305732 0.719994 0.688141 0.085105 0.028758
1724138707.921925 0.040866 0.411422 0.307628 0.721448 0.687177 0.079000 0.032550
1724138707.955259 0.026367 0.413876 0.309684 0.724687 0.684602 0.071084 0.033095
1724138707.988590 0.011921 0.416129 0.311711 0.728541 0.681608 0.061112 0.030084
1724138708.021923 -0.001761 0.418448 0.314066 0.733357 0.677737 0.047312 0.024935
1724138708.055257 -0.014712 0.420468 0.316431 0.738168 0.673662 0.031188 0.017735
1724138708.088552 -0.026138 0.422329 0.319535 0.740751 0.671563 0.014865 0.008428
1724138708.121886 -0.035913 0.423811 0.322256 0.739951 0.672660 0.001054 -0.000385
1724138708.155220 -0.043451 0.425149 0.324789 0.738052 0.674608 -0.010981 -0.007971
1724138708.188515 -0.048613 0.426420 0.327376 0.735183 0.677351 -0.021917 -0.014855
1724138708.221849 -0.051201 0.428394 0.329985 0.731420 0.680798 -0.031230 -0.023745
1724138708.255183 -0.050864 0.430984 0.332719 0.728122 0.683453 -0.040205 -0.033367
1724138708.288517 -0.048542 0.433198 0.335293 0.724754 0.685969 -0.049036 -0.042115
1724138708.321851 -0.043823 0.435655 0.337658 0.722171 0.687508 -0.057569 -0.049878
1724138708.355185 -0.036931 0.438291 0.339918 0.721744 0.686665 -0.065884 -0.056878
1724138708.388519 -0.028249 0.440820 0.341512 0.722254 0.684964 -0.073886 -0.060953
1724138708.421853 -0.017833 0.443129 0.342421 0.722664 0.683542 -0.080878 -0.063135
1724138708.455187 -0.005353 0.446377 0.342764 0.722683 0.682822 -0.083928 -0.066637
1724138708.488521 0.008454 0.450823 0.341973 0.722112 0.683331 -0.079781 -0.072443
1724138708.521894 0.024047 0.454831 0.341153 0.722618 0.682861 -0.076777 -0.075030
1724138708.555228 0.040441 0.458002 0.340188 0.722781 0.682959 -0.075081 -0.074277
1724138708.588561 0.057689 0.462089 0.338813 0.722679 0.683009 -0.072644 -0.077171
1724138708.621895 0.075985 0.465890 0.338503 0.721983 0.682925 -0.073258 -0.083589
1724138708.655229 0.094843 0.468455 0.338614 0.719218 0.684911 -0.076755 -0.087922
1724138708.688563 0.114012 0.471250 0.338580 0.716197 0.686808 -0.080863 -0.093901
1724138708.721936 0.133144 0.474052 0.338880 0.713636 0.687510 -0.086326 -0.102969
1724138708.755270 0.152520 0.475938 0.339283 0.710185 0.688714 -0.093748 -0.111899
1724138708.788604 0.172050 0.476892 0.339280 0.707492 0.689104 -0.102737 -0.118474
1724138708.821938 0.190942 0.477987 0.338966 0.706440 0.687398 -0.112900 -0.125217
1724138708.855272 0.210230 0.478594 0.338814 0.705695 0.684510 -0.125950 -0.132583
1724138708.888606 0.229443 0.478026 0.338942 0.703059 0.683378 -0.141126 -0.137064
1724138708.921940 0.248550 0.476736 0.338835 0.697344 0.685302 -0.155657 -0.140869
1724138708.955274 0.267513 0.474782 0.337721 0.690864 0.689182 -0.165899 -0.142169
1724138708.988604 0.286080 0.472790 0.335714 0.684955 0.693547 -0.170359 -0.144246
1724138709.021936 0.304077 0.470296 0.333300 0.682168 0.695726 -0.173930 -0.142692
1724138709.055270 0.321318 0.467178 0.330391 0.681886 0.696164 -0.176210 -0.139059
1724138709.088604 0.337331 0.463916 0.328021 0.683453 0.694174 -0.178722 -0.138106
1724138709.121938 0.352397 0.460756 0.326574 0.687100 0.689580 -0.182408 -0.138204
1724138709.155272 0.366413 0.457844 0.325578 0.690846 0.684776 -0.185650 -0.139096
1724138709.188607 0.379361 0.455181 0.325025 0.693377 0.681339 -0.186246 -0.142542
1724138709.221941 0.391537 0.453425 0.324247 0.695452 0.678902 -0.184236 -0.146614
1724138709.255275 0.402644 0.452269 0.324172 0.696967 0.676826 -0.181657 -0.152132
1724138709.288609 0.412455 0.451648 0.324820 0.698628 0.674689 -0.179019 -0.157051
1724138709.321943 0.421189 0.450895 0.325264 0.700249 0.673887 -0.173898 -0.159019
1724138709.355277 0.428137 0.450256 0.325563 0.702153 0.673829 -0.168654 -0.156495
1724138709.388611 0.432725 0.449892 0.325671 0.705029 0.673572 -0.163942 -0.149526
1724138709.421945 0.434874 0.449572 0.325464 0.707872 0.674485 -0.158636 -0.137189
1724138709.455278 0.435349 0.448940 0.324178 0.710591 0.677044 -0.150463 -0.118463
1724138709.488612 0.434678 0.448906 0.322099 0.714138 0.679650 -0.136108 -0.097759
1724138709.521946 0.433308 0.449604 0.319665 0.717338 0.682559 -0.114392 -0.080339
1724138709.555280 0.431195 0.450085 0.317525 0.722028 0.682845 -0.093738 -0.060091
1724138709.588614 0.427428 0.449918 0.316886 0.726203 0.682093 -0.076742 -0.038594
1724138709.621948 0.421167 0.450349 0.316441 0.729842 0.680910 -0.057513 -0.019595
1724138709.655282 0.413303 0.451549 0.315952 0.734197 0.677976 -0.035970 -0.003089
1724138709.688625 0.403834 0.452567 0.316394 0.736730 0.675855 -0.016629 0.013129
1724138709.721968 0.392534 0.453363 0.316700 0.736666 0.675519 0.003134 0.031428
1724138709.755322 0.379763 0.454881 0.317367 0.735492 0.675525 0.024585 0.045956
1724138709.788695 0.365773 0.456569 0.318195 0.732660 0.676300 0.046893 0.060239
1724138709.822057 0.350704 0.458233 0.318439 0.729268 0.676329 0.071233 0.075322
1724138709.855431 0.333905 0.459316 0.319602 0.726401 0.675355 0.090726 0.089478
1724138709.888813 0.316250 0.459598 0.320793 0.722452 0.674421 0.107485 0.108012
1724138709.922204 0.297354 0.459663 0.321628 0.716432 0.674792 0.125803 0.124720
1724138709.955586 0.276848 0.459102 0.322608 0.712549 0.673881 0.139621 0.136617
1724138709.988975 0.256067 0.457295 0.323329 0.710339 0.670907 0.147981 0.152982
1724138710.022366 0.234856 0.455441 0.323660 0.707894 0.667932 0.156513 0.168098
1724138710.055748 0.213222 0.453998 0.324046 0.707662 0.663915 0.162954 0.178543
1724138710.089131 0.191075 0.452518 0.324420 0.709183 0.659426 0.165275 0.186817
1724138710.122523 0.169185 0.451253 0.324845 0.711695 0.654569 0.165981 0.193595
1724138710.155895 0.147227 0.449895 0.325109 0.715043 0.648779 0.167161 0.199643
1724138710.189278 0.125569 0.449391 0.325139 0.718039 0.643835 0.167903 0.204221
1724138710.222660 0.104749 0.449270 0.324766 0.719670 0.640633 0.169259 0.207402
1724138710.256042 0.084675 0.449124 0.324161 0.720723 0.637826 0.170834 0.211075
1724138710.289415 0.065509 0.448774 0.323767 0.723311 0.633817 0.171376 0.213838
1724138710.322788 0.047541 0.448321 0.323156 0.727736 0.628065 0.170761 0.216276
1724138710.356160 0.030675 0.447532 0.322863 0.733721 0.621930 0.166689 0.216960
1724138710.389513 0.015489 0.446780 0.322493 0.740570 0.615587 0.160819 0.216209
1724138710.422875 0.001915 0.446093 0.322080 0.746975 0.610391 0.154407 0.213563
1724138710.456219 -0.010106 0.445737 0.322412 0.752713 0.606873 0.146019 0.209302
1724138710.489553 -0.020209 0.445614 0.322629 0.757020 0.605417 0.137559 0.203638
1724138710.522877 -0.027938 0.445487 0.323260 0.760672 0.605470 0.127975 0.195974
1724138710.556183 -0.033501 0.446190 0.324591 0.763334 0.608456 0.115708 0.183615
1724138710.589478 -0.036859 0.447333 0.326368 0.765071 0.613156 0.103181 0.167509
1724138710.622773 -0.037765 0.448717 0.328218 0.766021 0.618180 0.088828 0.152234
1724138710.656059 -0.036251 0.450342 0.331021 0.765693 0.624726 0.073305 0.134380
1724138710.689325 -0.032529 0.452412 0.334103 0.764304 0.631910 0.058286 0.114594
1724138710.722582 -0.026108 0.454619 0.336643 0.762155 0.638731 0.043898 0.095993
1724138710.755839 -0.017226 0.456981 0.339213 0.758915 0.646112 0.031112 0.074961
1724138710.789094 -0.007149 0.458980 0.341979 0.753486 0.655158 0.017783 0.052073
1724138710.822351 0.004157 0.460393 0.344827 0.747084 0.664034 0.002534 0.030302
1724138710.855598 0.017354 0.461661 0.346737 0.743391 0.668684 -0.010887 0.010610
1724138710.888855 0.031792 0.462042 0.348513 0.740381 0.671618 -0.027276 -0.004603
1724138710.922121 0.047278 0.462124 0.350788 0.737386 0.673717 -0.045449 -0.017358
1724138710.955388 0.064193 0.463057 0.352462 0.738964 0.670326 -0.060647 -0.030289
1724138710.988661 0.083113 0.462989 0.352927 0.737234 0.670633 -0.072773 -0.037956
1724138711.021965 0.103165 0.463516 0.352208 0.732425 0.674453 -0.077678 -0.051319
1724138711.055259 0.123629 0.464209 0.351227 0.729721 0.675520 -0.082886 -0.065654
1724138711.088593 0.144805 0.463608 0.350326 0.724392 0.679271 -0.089753 -0.076106
1724138711.121967 0.166230 0.463649 0.349192 0.719337 0.682509 -0.091206 -0.091751
1724138711.155301 0.187176 0.464083 0.348365 0.717635 0.681511 -0.091706 -0.110147
1724138711.188635 0.208147 0.462934 0.348240 0.714176 0.682594 -0.095386 -0.122144
1724138711.221968 0.229492 0.460983 0.347299 0.709101 0.686184 -0.094650 -0.131788
1724138711.255302 0.251074 0.459849 0.345424 0.705164 0.688639 -0.088778 -0.143664
1724138711.288636 0.272360 0.457573 0.344353 0.699700 0.692580 -0.085031 -0.153371
1724138711.321970 0.292945 0.454955 0.343548 0.694313 0.696365 -0.080561 -0.162836
1724138711.355304 0.312388 0.452626 0.342778 0.689541 0.699082 -0.074381 -0.174025
1724138711.388638 0.330767 0.449766 0.342153 0.684196 0.702464 -0.068368 -0.183699
1724138711.421972 0.347873 0.446696 0.341537 0.679537 0.705479 -0.062427 -0.191392
1724138711.455306 0.363846 0.443319 0.340137 0.674438 0.709426 -0.053555 -0.197435
1724138711.488640 0.377880 0.440087 0.338531 0.669396 0.714159 -0.044179 -0.199833
1724138711.521974 0.389688 0.436613 0.337744 0.666890 0.717074 -0.039026 -0.198845
1724138711.555308 0.399090 0.433215 0.337175 0.667290 0.718244 -0.036660 -0.193665
1724138711.588642 0.405326 0.430331 0.336893 0.668951 0.718751 -0.035385 -0.186141
1724138711.621976 0.408043 0.428796 0.337888 0.671916 0.717745 -0.035414 -0.179210
1724138711.655310 0.407404 0.428927 0.339720 0.676801 0.714707 -0.034884 -0.172967
1724138711.688643 0.404416 0.429800 0.341466 0.682614 0.711292 -0.035324 -0.163872
1724138711.721977 0.399054 0.432095 0.342466 0.687802 0.708657 -0.032064 -0.153968
1724138711.755311 0.392347 0.436065 0.343338 0.692876 0.705442 -0.026446 -0.146887
1724138711.788645 0.383679 0.440417 0.344087 0.698432 0.701737 -0.022356 -0.138771
1724138711.821979 0.373148 0.444659 0.345147 0.702201 0.699724 -0.021654 -0.129733
1724138711.855322 0.361154 0.449749 0.346580 0.705374 0.698100 -0.022320 -0.120857
1724138711.888656 0.348117 0.455351 0.348003 0.705894 0.698928 -0.022107 -0.112802
1724138711.921990 0.334282 0.461456 0.350052 0.705340 0.700508 -0.024097 -0.105851
1724138711.955324 0.320063 0.468134 0.352609 0.706211 0.700597 -0.027339 -0.098397
1724138711.988655 0.305392 0.474788 0.355275 0.705861 0.701864 -0.029677 -0.090920
1724138712.021988 0.290632 0.479937 0.358443 0.704974 0.703856 -0.038523 -0.078193
1724138712.055312 0.276053 0.482853 0.361964 0.704469 0.705191 -0.055722 -0.057647
1724138712.088646 0.262431 0.486276 0.365699 0.703205 0.706243 -0.072414 -0.038453
1724138712.121980 0.249617 0.491213 0.369150 0.701613 0.707225 -0.083612 -0.024091
1724138712.155314 0.237351 0.497105 0.372408 0.700051 0.707881 -0.093344 -0.010913
1724138712.188648 0.225929 0.503943 0.376226 0.700445 0.705784 -0.105940 0.004733
1724138712.221982 0.215149 0.511790 0.380683 0.705101 0.698212 -0.121494 0.023916
1724138712.255278 0.204347 0.520005 0.386411 0.710922 0.687758 -0.140086 0.044202
1724138712.288612 0.193569 0.528870 0.393520 0.716644 0.674923 -0.162932 0.065980
1724138712.321945 0.183090 0.538025 0.401416 0.721159 0.661346 -0.186251 0.088661
1724138712.355279 0.173118 0.548543 0.409109 0.725344 0.649096 -0.203699 0.105152
1724138712.388613 0.164505 0.559908 0.416645 0.728422 0.639262 -0.216786 0.117259
1724138712.421908 0.156963 0.571630 0.423724 0.729724 0.632767 -0.225406 0.127673
1724138712.455242 0.150658 0.584148 0.430635 0.729740 0.628812 -0.231121 0.136593
1724138712.488576 0.145784 0.597215 0.437033 0.728558 0.628366 -0.232179 0.143014
1724138712.521910 0.141727 0.611005 0.443194 0.726202 0.631871 -0.228380 0.145647
1724138712.555244 0.138199 0.624875 0.450623 0.723100 0.636061 -0.225132 0.147880
1724138712.588578 0.134842 0.638230 0.459312 0.719870 0.638953 -0.224669 0.151822
1724138712.621912 0.131596 0.650747 0.468455 0.717511 0.641233 -0.223957 0.154408
1724138712.655245 0.128288 0.661679 0.477842 0.715422 0.643607 -0.222658 0.156095
1724138712.688579 0.125692 0.670899 0.486643 0.714714 0.644950 -0.219859 0.157747
1724138712.721913 0.123282 0.678285 0.494780 0.715001 0.646209 -0.214451 0.158742
1724138712.755247 0.121506 0.683710 0.502184 0.715464 0.649010 -0.205659 0.156851
1724138712.788581 0.119820 0.687710 0.508487 0.716287 0.654125 -0.191671 0.149383
1724138712.821915 0.119354 0.689491 0.514858 0.717093 0.659939 -0.175882 0.139011
1724138712.855288 0.119551 0.688209 0.521148 0.716452 0.666632 -0.160339 0.128801
1724138712.888622 0.120137 0.685387 0.527759 0.714955 0.674764 -0.144839 0.112042
1724138712.921956 0.121106 0.681468 0.535527 0.716050 0.679836 -0.129445 0.091319
1724138712.955289 0.123142 0.674890 0.543853 0.718007 0.680877 -0.118233 0.083029
1724138712.988621 0.125544 0.667508 0.552721 0.721928 0.679683 -0.105529 0.075593
1724138713.021954 0.128038 0.660061 0.562130 0.726926 0.677744 -0.090132 0.064173
1724138713.055288 0.132025 0.650413 0.572056 0.731073 0.675378 -0.076827 0.059110
1724138713.088660 0.136802 0.638926 0.582422 0.734648 0.672643 -0.066376 0.058636
1724138713.121994 0.141896 0.627787 0.593119 0.735365 0.673832 -0.051686 0.050162
1724138713.155329 0.148255 0.615817 0.603876 0.732167 0.679014 -0.035116 0.040481
1724138713.188663 0.155266 0.601700 0.615346 0.728388 0.683678 -0.024128 0.038129
1724138713.221997 0.162195 0.587017 0.627005 0.724194 0.688363 -0.015132 0.038335
1724138713.255331 0.169559 0.572181 0.638957 0.719879 0.693023 -0.006948 0.038012
1724138713.288665 0.176588 0.557463 0.650623 0.716690 0.696256 0.000085 0.039785
1724138713.321998 0.184461 0.542819 0.661862 0.714486 0.698222 0.005349 0.044362
1724138713.355332 0.192108 0.528599 0.672684 0.715208 0.696948 0.008135 0.051717
1724138713.388666 0.200528 0.515079 0.682589 0.718918 0.692209 0.011601 0.062195
1724138713.422000 0.209307 0.503153 0.691189 0.723437 0.686374 0.018637 0.071990
1724138713.455333 0.217298 0.492871 0.698927 0.728730 0.679608 0.027484 0.079559
1724138713.488667 0.224434 0.482574 0.705859 0.733139 0.673108 0.034740 0.090696
1724138713.522011 0.231101 0.473129 0.711948 0.735313 0.668892 0.041420 0.100909
1724138713.555345 0.236849 0.465238 0.716706 0.736778 0.665353 0.048490 0.110057
1724138713.588707 0.241856 0.458793 0.720355 0.738130 0.661660 0.053235 0.120562
1724138713.622070 0.246126 0.453788 0.722951 0.738921 0.658861 0.055985 0.129474
1724138713.655442 0.249520 0.451675 0.723608 0.739775 0.656415 0.058804 0.135631
1724138713.688816 0.252200 0.451669 0.722250 0.741301 0.653955 0.061826 0.137812
1724138713.722179 0.254311 0.453269 0.719088 0.742351 0.652666 0.062222 0.138099
1724138713.755542 0.256148 0.456057 0.713755 0.743371 0.651529 0.061002 0.138522
1724138713.788914 0.257549 0.460464 0.706417 0.743710 0.651661 0.060191 0.136417
1724138713.822277 0.258148 0.465790 0.697289 0.743353 0.653089 0.057291 0.132732
1724138713.855631 0.258729 0.471825 0.686205 0.742983 0.654636 0.054360 0.128348
1724138713.888973 0.258122 0.478127 0.673195 0.743071 0.655654 0.051742 0.123637
1724138713.922317 0.257085 0.484395 0.658802 0.742953 0.657375 0.046692 0.117043
1724138713.955661 0.254990 0.490638 0.643189 0.742154 0.659892 0.040822 0.109929
1724138713.989012 0.252462 0.496732 0.626401 0.740622 0.663326 0.036245 0.100817
1724138714.022335 0.249123 0.503123 0.609048 0.737903 0.668444 0.031785 0.087590
1724138714.055669 0.245374 0.508754 0.591591 0.734427 0.674114 0.027618 0.073652
1724138714.088994 0.240884 0.514192 0.573660 0.732313 0.677852 0.023835 0.060553
1724138714.122308 0.236260 0.519282 0.555871 0.729911 0.681742 0.020794 0.045009
1724138714.155622 0.232282 0.523389 0.537978 0.727912 0.684650 0.017901 0.032823
1724138714.188938 0.228885 0.527238 0.519764 0.726518 0.686596 0.018166 0.020689
1724138714.222262 0.225704 0.530113 0.502466 0.724507 0.689013 0.017245 0.007321
1724138714.255577 0.222558 0.531595 0.486224 0.723300 0.690383 0.013956 -0.003573
1724138714.288900 0.220558 0.532319 0.470469 0.721008 0.692671 0.013376 -0.013239
1724138714.322215 0.219059 0.532170 0.455537 0.715193 0.698430 0.015704 -0.021184
1724138714.355539 0.217005 0.531889 0.442472 0.709166 0.704134 0.017185 -0.031357
1724138714.388854 0.214218 0.531077 0.431450 0.703651 0.708889 0.017935 -0.045067
1724138714.422178 0.211782 0.530193 0.421589 0.699971 0.711561 0.019379 -0.057833
1724138714.455493 0.208797 0.528234 0.413962 0.697180 0.713379 0.016525 -0.068982
1724138714.488816 0.205365 0.524947 0.408645 0.696099 0.713740 0.008312 -0.077155
1724138714.522141 0.202658 0.521703 0.404733 0.697192 0.711963 0.001072 -0.083849
1724138714.555466 0.200293 0.519120 0.402205 0.698500 0.709699 -0.000954 -0.091787
1724138714.588789 0.198577 0.517223 0.400465 0.698018 0.709166 0.002603 -0.099237
1724138714.622104 0.197577 0.515361 0.400274 0.696110 0.710468 0.007839 -0.102979
1724138714.655418 0.196374 0.513960 0.402023 0.693298 0.712739 0.013573 -0.105623
1724138714.688742 0.195062 0.513624 0.406333 0.691042 0.713879 0.020525 -0.111427
1724138714.722067 0.193962 0.512947 0.412845 0.689826 0.714412 0.024244 -0.114747
1724138714.755401 0.193373 0.511396 0.420921 0.689707 0.714721 0.024515 -0.113480
1724138714.788725 0.193120 0.509824 0.430175 0.691775 0.713273 0.024578 -0.109935
1724138714.822050 0.192835 0.508203 0.441044 0.694968 0.710644 0.023787 -0.106955
1724138714.855373 0.192039 0.506328 0.452936 0.697732 0.708397 0.022612 -0.104083
1724138714.888697 0.191855 0.504420 0.465300 0.701499 0.705534 0.022911 -0.097960
1724138714.922031 0.191557 0.502349 0.478042 0.704899 0.703229 0.024553 -0.089354
1724138714.955355 0.190500 0.499666 0.492053 0.708014 0.701391 0.022701 -0.079066
1724138714.988688 0.189229 0.496816 0.507481 0.714497 0.696242 0.017065 -0.066709
1724138715.022021 0.188270 0.494286 0.523236 0.721469 0.690430 0.012475 -0.051325
1724138715.055355 0.187858 0.491909 0.538949 0.726492 0.686146 0.011893 -0.035655
1724138715.088688 0.187798 0.490185 0.554682 0.730916 0.681975 0.015701 -0.020634
1724138715.122022 0.188020 0.488423 0.570658 0.734788 0.677909 0.021963 -0.006591
1724138715.155356 0.189146 0.486265 0.586487 0.736696 0.675552 0.029255 0.007268
1724138715.188700 0.190610 0.483837 0.601599 0.738185 0.673158 0.039559 0.019390
1724138715.222054 0.192649 0.481953 0.615695 0.738484 0.671545 0.053489 0.028420
1724138715.255407 0.194900 0.479365 0.629346 0.737739 0.670859 0.065881 0.036736
1724138715.288759 0.196560 0.475847 0.642809 0.736163 0.671151 0.076286 0.042427
1724138715.322122 0.197596 0.471080 0.656139 0.733317 0.673002 0.084520 0.046593
1724138715.355485 0.198731 0.464907 0.669082 0.730892 0.674678 0.088436 0.052767
1724138715.388848 0.200738 0.457854 0.681622 0.729204 0.675396 0.090725 0.062207
1724138715.422211 0.202778 0.450236 0.693686 0.727101 0.676247 0.093893 0.072095
1724138715.455574 0.204600 0.443119 0.705185 0.725903 0.676128 0.096329 0.081467
1724138715.488937 0.206728 0.436523 0.716041 0.725895 0.674530 0.098971 0.091056
1724138715.522300 0.208799 0.430506 0.725688 0.724985 0.673526 0.104600 0.099092
1724138715.555662 0.210821 0.425640 0.734151 0.723484 0.673434 0.109462 0.105241
1724138715.589035 0.211489 0.420956 0.741752 0.722206 0.673961 0.110448 0.109525
1724138715.622398 0.211694 0.417190 0.747919 0.720558 0.675700 0.109666 0.110454
1724138715.655761 0.212019 0.414280 0.752070 0.719295 0.677155 0.107524 0.111865
1724138715.689124 0.213197 0.413284 0.754040 0.718931 0.677631 0.106030 0.112745
1724138715.722477 0.214783 0.413920 0.753636 0.719329 0.677391 0.106602 0.111098
1724138715.755840 0.215789 0.416011 0.750879 0.721455 0.675779 0.105187 0.108451
1724138715.789184 0.216133 0.418387 0.746097 0.724142 0.674218 0.100352 0.104777
1724138715.822526 0.215901 0.420689 0.739321 0.726516 0.672956 0.091980 0.104138
1724138715.855870 0.215362 0.423387 0.731231 0.727247 0.673668 0.081585 0.103091
1724138715.889214 0.214283 0.425142 0.722099 0.728533 0.673429 0.065241 0.107125
1724138715.922557 0.213641 0.427084 0.711789 0.731262 0.670729 0.045700 0.115287
1724138715.955891 0.212832 0.430417 0.700163 0.732586 0.669635 0.029630 0.118446
1724138715.989213 0.211284 0.435564 0.687193 0.733267 0.669828 0.017670 0.115490
1724138716.022527 0.209558 0.440456 0.674124 0.736136 0.667288 0.000214 0.113266
1724138716.055842 0.206442 0.444333 0.660997 0.739558 0.662054 -0.024011 0.119005
1724138716.089147 0.204176 0.448569 0.647432 0.742359 0.656589 -0.046708 0.124950
1724138716.122433 0.201861 0.453600 0.633179 0.744238 0.652208 -0.064957 0.128513
1724138716.155718 0.198974 0.459256 0.618966 0.745504 0.648251 -0.082577 0.131053
1724138716.189014 0.195423 0.463974 0.605801 0.746393 0.642287 -0.104864 0.139169
1724138716.222280 0.191765 0.468807 0.593063 0.746626 0.636410 -0.126400 0.146818
1724138716.255555 0.188417 0.474264 0.580280 0.745101 0.633246 -0.144801 0.151185
1724138716.288822 0.185286 0.480071 0.567140 0.743282 0.630239 -0.161391 0.155832
1724138716.322088 0.182692 0.486046 0.554120 0.740244 0.629489 -0.175567 0.157980
1724138716.355374 0.180484 0.491961 0.540575 0.736702 0.630151 -0.186445 0.159433
1724138716.388669 0.178751 0.497946 0.526637 0.732545 0.633088 -0.194238 0.157632
1724138716.421964 0.177176 0.503506 0.512720 0.727198 0.638703 -0.200099 0.152323
1724138716.455298 0.175438 0.508335 0.498991 0.724836 0.639735 -0.207022 0.149976
1724138716.488632 0.173703 0.511851 0.486517 0.723133 0.638671 -0.217781 0.147478
1724138716.521965 0.172099 0.514225 0.475186 0.719951 0.639139 -0.229246 0.143594
1724138716.555299 0.171179 0.516741 0.463533 0.718199 0.640424 -0.234846 0.137461
1724138716.588633 0.170223 0.518892 0.452445 0.716496 0.644001 -0.235986 0.127307
1724138716.621967 0.169799 0.520779 0.442495 0.713473 0.649400 -0.235896 0.116574
1724138716.655301 0.169386 0.523481 0.432794 0.711175 0.657210 -0.228458 0.100557
1724138716.688635 0.169116 0.526904 0.424536 0.710265 0.665604 -0.215318 0.078315
1724138716.721969 0.169093 0.530275 0.417908 0.708327 0.674281 -0.201094 0.056392
1724138716.755303 0.169311 0.533504 0.412810 0.705633 0.683662 -0.183254 0.033260
1724138716.788636 0.170154 0.536734 0.408724 0.702308 0.692876 -0.162886 0.012420
1724138716.822009 0.171807 0.539884 0.405453 0.697051 0.703540 -0.137953 -0.010952
1724138716.855343 0.172803 0.544237 0.404157 0.692267 0.711964 -0.111916 -0.036713
1724138716.888677 0.173723 0.546827 0.405701 0.690155 0.715571 -0.092862 -0.054971
1724138716.922011 0.175197 0.546644 0.409601 0.690694 0.715661 -0.083553 -0.061569
1724138716.955384 0.176405 0.543960 0.416136 0.692231 0.714527 -0.081487 -0.060237
1724138716.988716 0.177329 0.540969 0.424718 0.693904 0.713330 -0.079356 -0.057969
1724138717.022049 0.178546 0.538527 0.434430 0.694225 0.713816 -0.072166 -0.057530
1724138717.055383 0.179855 0.535919 0.446003 0.694561 0.714406 -0.064456 -0.055263
1724138717.088717 0.181176 0.532523 0.459673 0.694742 0.715015 -0.059473 -0.050498
1724138717.122051 0.182212 0.528998 0.474939 0.695237 0.715245 -0.054600 -0.045701
1724138717.155385 0.183683 0.526293 0.490587 0.695717 0.715662 -0.044993 -0.042205
1724138717.188719 0.185718 0.523822 0.506786 0.695879 0.716420 -0.032667 -0.037786
1724138717.222053 0.187788 0.521203 0.523525 0.696448 0.716630 -0.018879 -0.032340
1724138717.255386 0.190048 0.518664 0.540649 0.697986 0.715580 -0.004869 -0.027148
1724138717.288720 0.193194 0.515752 0.557507 0.699205 0.714502 0.011470 -0.021643
1724138717.322053 0.196913 0.512211 0.573938 0.701490 0.711991 0.027635 -0.014746
1724138717.355387 0.199984 0.507402 0.590509 0.705108 0.707948 0.039968 -0.005878
1724138717.388721 0.202605 0.501164 0.607083 0.707307 0.705026 0.051423 0.003173
1724138717.422055 0.205599 0.494779 0.623216 0.707190 0.704017 0.064042 0.011867
1724138717.455399 0.208407 0.487324 0.639084 0.705693 0.704236 0.074401 0.022658
1724138717.488733 0.211125 0.478755 0.654814 0.702375 0.706122 0.082619 0.035152
1724138717.522075 0.213610 0.469456 0.670247 0.697874 0.709081 0.088182 0.048993
1724138717.555419 0.215199 0.459956 0.685443 0.691531 0.714072 0.090617 0.060618
1724138717.588783 0.216227 0.450785 0.699557 0.685993 0.718241 0.092722 0.070328
1724138717.622126 0.217104 0.441988 0.712347 0.683220 0.719711 0.094530 0.079317
1724138717.655480 0.216918 0.433566 0.723813 0.683552 0.718191 0.094809 0.089269
1724138717.688833 0.216231 0.426408 0.734563 0.686462 0.714405 0.093223 0.098511
1724138717.722186 0.215409 0.420237 0.744284 0.689915 0.710036 0.093116 0.105810
1724138717.755538 0.214680 0.415765 0.752156 0.692750 0.706134 0.094464 0.112017
1724138717.788902 0.214071 0.412564 0.758465 0.694678 0.703157 0.096970 0.116575
1724138717.822255 0.213480 0.410862 0.762959 0.695950 0.700889 0.099718 0.120271
1724138717.855618 0.211882 0.410298 0.764929 0.696251 0.699635 0.103646 0.122488
1724138717.888981 0.211836 0.410920 0.764737 0.696286 0.698875 0.106888 0.123831
1724138717.922343 0.211104 0.413150 0.761922 0.696260 0.698377 0.109870 0.124179
1724138717.955707 0.209609 0.416502 0.757187 0.697969 0.697147 0.109668 0.121650
1724138717.989068 0.208238 0.420729 0.750817 0.700253 0.695936 0.109020 0.115902
1724138718.022429 0.206575 0.426215 0.742083 0.703111 0.694043 0.109699 0.109113
1724138718.055783 0.204328 0.432621 0.731170 0.707253 0.690823 0.110595 0.101616
1724138718.089146 0.201514 0.438975 0.719101 0.710932 0.688375 0.109231 0.093722
1724138718.122509 0.197995 0.444930 0.705988 0.713152 0.687429 0.106674 0.086464
1724138718.155862 0.194357 0.451164 0.692184 0.714125 0.687509 0.105453 0.078971
1724138718.189216 0.190461 0.456859 0.677654 0.713121 0.689194 0.105326 0.073332
1724138718.222559 0.186489 0.461672 0.663099 0.712328 0.690526 0.103733 0.070727
1724138718.255892 0.182315 0.465681 0.648327 0.712554 0.690722 0.101015 0.070469
1724138718.289246 0.177158 0.469054 0.633760 0.712413 0.691561 0.096387 0.070148
1724138718.322589 0.171029 0.471500 0.619107 0.713733 0.691006 0.090422 0.070136
1724138718.355933 0.164306 0.473787 0.604849 0.717369 0.688334 0.082706 0.068830
1724138718.389267 0.156156 0.474470 0.591480 0.723037 0.683529 0.069837 0.071615
1724138718.422591 0.147261 0.475072 0.578456 0.730014 0.676710 0.054079 0.078858
1724138718.455925 0.138408 0.476528 0.566923 0.735551 0.670916 0.040337 0.084907
1724138718.489239 0.129140 0.479263 0.556500 0.740191 0.664830 0.027738 0.096690
1724138718.522563 0.120022 0.484276 0.547154 0.744927 0.657703 0.017556 0.110466
1724138718.555878 0.110494 0.491173 0.539936 0.750162 0.649616 0.007398 0.123289
1724138718.589202 0.100177 0.498581 0.534874 0.755184 0.639754 -0.007818 0.142660
1724138718.622517 0.090215 0.506897 0.532576 0.759234 0.628550 -0.028402 0.166381
1724138718.655841 0.080551 0.517064 0.531609 0.759662 0.621949 -0.044703 0.184651
1724138718.689156 0.071070 0.529498 0.530948 0.757259 0.619165 -0.055997 0.200142
1724138718.722471 0.062993 0.543110 0.530141 0.753043 0.619347 -0.060494 0.213722
1724138718.755774 0.055443 0.557294 0.529176 0.748306 0.620072 -0.062900 0.227140
1724138718.789080 0.047824 0.572533 0.528389 0.745046 0.620358 -0.066164 0.235976
1724138718.822385 0.040506 0.588654 0.526985 0.742131 0.624541 -0.061904 0.235282
1724138718.855690 0.033052 0.605163 0.525540 0.740383 0.629153 -0.055916 0.229943
1724138718.888985 0.025196 0.620572 0.524725 0.739313 0.630093 -0.056225 0.230733
1724138718.922290 0.018189 0.635273 0.523806 0.738967 0.628906 -0.058709 0.234430
1724138718.955586 0.011712 0.649768 0.522161 0.738368 0.630451 -0.057403 0.232485
1724138718.988889 0.006138 0.665563 0.519859 0.737262 0.637188 -0.048853 0.219203
1724138719.022202 0.001486 0.682383 0.517229 0.735436 0.647706 -0.035376 0.195854
1724138719.055507 -0.001237 0.698179 0.514899 0.734330 0.658123 -0.019922 0.165036
1724138719.088832 -0.004440 0.712755 0.513263 0.732839 0.667460 -0.004165 0.132014
1724138719.122146 -0.005154 0.729311 0.512863 0.732360 0.673631 0.008124 0.099019
1724138719.155471 -0.006451 0.741406 0.512387 0.731060 0.678791 0.022150 0.065603
1724138719.188805 -0.004141 0.755041 0.513293 0.727564 0.684386 0.034645 0.032646
1724138719.222148 -0.000632 0.766722 0.515983 0.721229 0.691061 0.047490 -0.002881
1724138719.255481 0.002656 0.777242 0.518385 0.713502 0.697607 0.055684 -0.034055
1724138719.288825 0.008118 0.785213 0.521745 0.705218 0.703226 0.064038 -0.063558
1724138719.322169 0.014766 0.791526 0.525454 0.695862 0.708849 0.071522 -0.090514
1724138719.355503 0.022362 0.795537 0.529653 0.685668 0.715162 0.076186 -0.112242
1724138719.388837 0.031483 0.798829 0.533421 0.676153 0.720427 0.081680 -0.130880
1724138719.422171 0.041899 0.802052 0.537171 0.665761 0.724728 0.092308 -0.151693
1724138719.455504 0.053042 0.804501 0.540779 0.656420 0.727990 0.102361 -0.169306
1724138719.488837 0.064796 0.805277 0.543738 0.650336 0.730326 0.108748 -0.178496
1724138719.522171 0.076763 0.803933 0.546772 0.643666 0.734298 0.111676 -0.184468
1724138719.555506 0.089627 0.802032 0.550176 0.637897 0.736989 0.115164 -0.191499
1724138719.588840 0.103244 0.798665 0.553139 0.632045 0.739717 0.119334 -0.197731
1724138719.622174 0.117399 0.793586 0.555340 0.625043 0.745046 0.120436 -0.199305
1724138719.655508 0.132381 0.786464 0.557067 0.620613 0.748915 0.122455 -0.197410
1724138719.688851 0.148609 0.777793 0.557527 0.619691 0.752362 0.122286 -0.187034
1724138719.722193 0.166969 0.766623 0.557300 0.622245 0.755444 0.120160 -0.166367
1724138719.755538 0.184507 0.753539 0.555343 0.627675 0.756751 0.120415 -0.137303
1724138719.788891 0.202800 0.739469 0.553673 0.636197 0.754842 0.119881 -0.105336
1724138719.822244 0.221658 0.724555 0.552257 0.644184 0.751552 0.121008 -0.074526
1724138719.855607 0.242069 0.708816 0.549352 0.651694 0.747646 0.121033 -0.040897
1724138719.888980 0.254576 0.689649 0.546883 0.661298 0.739704 0.124533 -0.003718
1724138719.922372 0.268172 0.671886 0.544869 0.670051 0.731142 0.125633 0.026079
1724138719.955772 0.277558 0.654363 0.542342 0.675694 0.724559 0.126488 0.049532
1724138719.989163 0.283706 0.636235 0.540562 0.681714 0.718486 0.120203 0.067788
1724138720.022574 0.285594 0.618553 0.539645 0.688883 0.712794 0.106152 0.078080
1724138720.055966 0.284282 0.603600 0.539214 0.694779 0.709516 0.090701 0.075112
1724138720.089358 0.281729 0.591733 0.538918 0.699506 0.707959 0.075639 0.061352
1724138720.122730 0.277012 0.581147 0.538908 0.702348 0.708286 0.056723 0.042667
1724138720.156093 0.270237 0.570802 0.539673 0.700173 0.712864 0.034274 0.020175
1724138720.189437 0.264092 0.562454 0.540337 0.697193 0.716754 0.013069 -0.003847
1724138720.222761 0.257248 0.556527 0.541529 0.694306 0.719001 -0.009402 -0.029803
1724138720.256065 0.249628 0.552313 0.543890 0.689441 0.721169 -0.032202 -0.059577
1724138720.289351 0.242927 0.551260 0.545620 0.683712 0.722539 -0.049591 -0.089525
1724138720.322627 0.237302 0.553046 0.547223 0.679236 0.721603 -0.064025 -0.117594
1724138720.355884 0.232440 0.557550 0.549150 0.676879 0.717849 -0.075604 -0.144267
1724138720.389150 0.229957 0.564887 0.550037 0.674647 0.713980 -0.080228 -0.169254
1724138720.422397 0.230353 0.573755 0.549303 0.673556 0.711014 -0.080597 -0.185164
1724138720.455644 0.233158 0.584011 0.546275 0.674021 0.709228 -0.073620 -0.193058
1724138720.488900 0.238312 0.595614 0.542426 0.675589 0.707339 -0.059742 -0.199204
1724138720.522176 0.245270 0.607506 0.537964 0.677934 0.705962 -0.042044 -0.200639
1724138720.555461 0.254593 0.618044 0.532679 0.680917 0.705774 -0.024161 -0.194039
1724138720.588767 0.265316 0.626817 0.527425 0.683847 0.706555 -0.004895 -0.181961
1724138720.622101 0.278027 0.633987 0.521766 0.686763 0.707926 0.014089 -0.164316
1724138720.655435 0.292365 0.639302 0.516126 0.689002 0.710025 0.032219 -0.141786
1724138720.688778 0.307259 0.642738 0.510965 0.688013 0.714519 0.046037 -0.118243
1724138720.722121 0.320712 0.643254 0.506638 0.685072 0.720287 0.053591 -0.094820
1724138720.755474 0.332537 0.643437 0.503040 0.682292 0.724959 0.053433 -0.077827
1724138720.788837 0.341441 0.643171 0.501352 0.675604 0.731478 0.049163 -0.077993
1724138720.822191 0.347634 0.641813 0.501610 0.664766 0.740405 0.039230 -0.091369
1724138720.855554 0.352072 0.639743 0.502927 0.651988 0.749662 0.024727 -0.110936
1724138720.888897 0.355827 0.636561 0.504214 0.638475 0.758183 0.007546 -0.132102
1724138720.922231 0.359530 0.631608 0.505894 0.625208 0.765368 -0.011785 -0.152280
1724138720.955545 0.363458 0.625842 0.506654 0.613533 0.771220 -0.033069 -0.166441
1724138720.988848 0.367255 0.619358 0.507971 0.602054 0.776068 -0.055300 -0.179421
1724138721.022143 0.370565 0.613313 0.509046 0.590771 0.779464 -0.074807 -0.194498
1724138721.055439 0.373393 0.607637 0.510113 0.581924 0.780180 -0.092564 -0.210039
1724138721.088733 0.376319 0.601816 0.510899 0.575638 0.778587 -0.109292 -0.224719
1724138721.122067 0.379622 0.595368 0.510701 0.571356 0.776350 -0.123819 -0.235587
1724138721.155401 0.383734 0.587777 0.508784 0.570283 0.773657 -0.136517 -0.239992
1724138721.188735 0.388556 0.578460 0.505961 0.574061 0.769440 -0.149967 -0.236486
1724138721.222031 0.394067 0.567708 0.502111 0.585696 0.761870 -0.164048 -0.222717
1724138721.255364 0.399642 0.556467 0.497057 0.602092 0.752211 -0.175239 -0.202374
1724138721.288698 0.405351 0.545100 0.492116 0.621461 0.739346 -0.184306 -0.182168
1724138721.322032 0.411061 0.532706 0.487910 0.643680 0.723907 -0.192289 -0.157034
1724138721.355366 0.416525 0.521513 0.483467 0.665801 0.707451 -0.198439 -0.129787
1724138721.388739 0.421457 0.510735 0.479950 0.687537 0.690804 -0.196516 -0.107072
1724138721.422073 0.427065 0.500274 0.475623 0.705737 0.677445 -0.189374 -0.084507
1724138721.455406 0.431866 0.490241 0.470977 0.723143 0.664709 -0.179013 -0.056384
1724138721.488779 0.436740 0.481767 0.465220 0.740926 0.651193 -0.161347 -0.030716
1724138721.522113 0.441935 0.474060 0.458756 0.755501 0.640909 -0.135569 -0.008644
1724138721.555447 0.447261 0.466809 0.452426 0.769357 0.629305 -0.108494 0.017147
1724138721.588781 0.453045 0.458589 0.446270 0.779624 0.620002 -0.076989 0.043080
1724138721.622115 0.458630 0.450686 0.439836 0.785530 0.613728 -0.039816 0.068524
1724138721.655458 0.463755 0.442082 0.434884 0.788215 0.608181 -0.008173 0.093622
1724138721.688811 0.465739 0.432887 0.432024 0.786153 0.606774 0.015598 0.116383
1724138721.722183 0.465086 0.424468 0.430294 0.782642 0.607307 0.034423 0.132156
1724138721.755566 0.462470 0.416464 0.428795 0.778416 0.609921 0.047747 0.140657
1724138721.788958 0.458094 0.408508 0.427643 0.770712 0.617914 0.054983 0.145469
1724138721.822340 0.453024 0.400954 0.426638 0.762741 0.627663 0.056477 0.145178
1724138721.855722 0.447753 0.393974 0.425007 0.753565 0.640206 0.053319 0.139405
1724138721.889095 0.441265 0.388114 0.422301 0.743619 0.654735 0.046958 0.127074
1724138721.922457 0.434480 0.383281 0.419242 0.733651 0.669714 0.037636 0.108737
1724138721.955810 0.427038 0.379892 0.416757 0.722431 0.686291 0.025462 0.080315
1724138721.989143 0.418294 0.377967 0.414967 0.713166 0.699721 0.011415 0.040677
1724138722.022466 0.408962 0.376897 0.414488 0.705991 0.708181 -0.006269 -0.004167
1724138722.055772 0.399123 0.375006 0.415777 0.699011 0.712859 -0.029692 -0.048311
1724138722.089067 0.390287 0.373536 0.417202 0.690897 0.715317 -0.050212 -0.091991
1724138722.122362 0.383845 0.372109 0.418869 0.683180 0.714759 -0.069411 -0.132537
1724138722.155648 0.378633 0.370926 0.421122 0.677582 0.710514 -0.088392 -0.168043
1724138722.188924 0.374147 0.370074 0.423047 0.674190 0.704310 -0.103276 -0.196847
1724138722.222209 0.371815 0.369651 0.423981 0.673860 0.696623 -0.115849 -0.217273
1724138722.255485 0.370703 0.369334 0.424065 0.676351 0.688324 -0.125619 -0.230171
1724138722.288790 0.370157 0.368542 0.422884 0.679395 0.682600 -0.132767 -0.234206
1724138722.322085 0.369639 0.367334 0.420082 0.683427 0.680678 -0.139637 -0.223845
1724138722.355419 0.367873 0.366761 0.416487 0.689737 0.680277 -0.145035 -0.201123
1724138722.388792 0.365048 0.367838 0.411666 0.697841 0.681041 -0.144975 -0.167879
1724138722.422126 0.362816 0.370635 0.405801 0.707884 0.680682 -0.135689 -0.131002
1724138722.455459 0.360224 0.374386 0.401195 0.718853 0.677735 -0.123446 -0.093199
1724138722.488793 0.356060 0.379493 0.398279 0.730083 0.672286 -0.109255 -0.055439
1724138722.522127 0.350236 0.386525 0.395926 0.739303 0.667083 -0.088309 -0.025151
1724138722.555461 0.342429 0.394839 0.394564 0.746253 0.662734 -0.062368 -0.000621
1724138722.588795 0.332931 0.403288 0.394514 0.751924 0.657708 -0.038089 0.024069
1724138722.622128 0.322063 0.412014 0.395322 0.757122 0.651726 -0.013855 0.042744
1724138722.655463 0.309813 0.420928 0.396981 0.761698 0.645632 0.010947 0.053444
1724138722.688805 0.296396 0.429119 0.398855 0.764755 0.640396 0.036420 0.060956
1724138722.722159 0.282621 0.436063 0.400703 0.763883 0.638866 0.060082 0.068725
1724138722.755531 0.268244 0.440943 0.402650 0.761736 0.637909 0.080409 0.079777
1724138722.788903 0.252580 0.443239 0.405021 0.759806 0.636480 0.092467 0.095074
1724138722.822286 0.236071 0.443202 0.407782 0.755717 0.637561 0.098119 0.113046
1724138722.855659 0.219243 0.442532 0.410569 0.750501 0.639915 0.103007 0.129019
1724138722.889032 0.201755 0.441887 0.412966 0.745749 0.642550 0.108681 0.138477
1724138722.922394 0.183852 0.440959 0.415156 0.742503 0.644273 0.112821 0.144477
1724138722.955747 0.165793 0.439734 0.417245 0.742313 0.643158 0.114092 0.149342
1724138722.989110 0.147469 0.438635 0.419026 0.744066 0.641220 0.113724 0.149229
1724138723.022471 0.129108 0.437860 0.420653 0.747199 0.639286 0.111129 0.143725
1724138723.055825 0.110848 0.437544 0.421870 0.749742 0.639163 0.107811 0.133172
1724138723.089178 0.093128 0.438006 0.422443 0.750400 0.641646 0.107674 0.116604
1724138723.122512 0.076555 0.438696 0.422144 0.751084 0.643498 0.108197 0.100383
1724138723.155856 0.061107 0.439959 0.421188 0.749375 0.647561 0.110920 0.082455
1724138723.189190 0.046467 0.441778 0.420374 0.746408 0.652649 0.116273 0.058351
1724138723.222513 0.032573 0.443763 0.419717 0.745082 0.656041 0.115665 0.032939
1724138723.255828 0.019496 0.444671 0.419615 0.744554 0.659096 0.105601 0.008925
1724138723.289143 0.007190 0.444457 0.420338 0.743855 0.662558 0.086231 -0.016147
1724138723.322458 -0.003049 0.443516 0.420677 0.739829 0.668183 0.066154 -0.042516
1724138723.355743 -0.011000 0.442389 0.421123 0.732019 0.676348 0.045640 -0.067959
1724138723.389019 -0.017135 0.441873 0.422404 0.722399 0.684504 0.026760 -0.094225
1724138723.422286 -0.021910 0.442128 0.422794 0.711258 0.692451 0.012764 -0.120253
1724138723.455541 -0.024915 0.441558 0.422749 0.701549 0.698899 -0.003264 -0.139134
1724138723.488807 -0.026434 0.440382 0.424195 0.693239 0.703617 -0.025308 -0.153955
1724138723.522103 -0.026947 0.439171 0.426744 0.685888 0.706589 -0.046599 -0.167681
1724138723.555437 -0.025366 0.438576 0.427794 0.678993 0.710177 -0.058195 -0.176719
1724138723.588732 -0.021885 0.438833 0.427326 0.672613 0.715959 -0.061050 -0.176825
1724138723.622066 -0.017602 0.440341 0.425033 0.668717 0.721480 -0.053429 -0.171552
1724138723.655400 -0.012069 0.442533 0.421817 0.667463 0.725165 -0.038748 -0.164705
1724138723.688733 -0.005622 0.445270 0.418528 0.669333 0.726278 -0.020000 -0.155282
1724138723.722067 0.002330 0.448142 0.414821 0.672234 0.726445 0.004048 -0.142700
1724138723.755401 0.011798 0.450359 0.410503 0.674142 0.727208 0.030967 -0.125470
1724138723.788774 0.018967 0.451193 0.407488 0.677651 0.725425 0.054402 -0.107653
1724138723.822108 0.025846 0.452615 0.405271 0.683414 0.719986 0.077627 -0.092412
1724138723.855442 0.033108 0.453041 0.403553 0.690657 0.711897 0.102497 -0.075429
1724138723.888776 0.039618 0.452050 0.401895 0.697814 0.703020 0.125758 -0.054795
1724138723.922148 0.045204 0.450431 0.400278 0.704161 0.693367 0.149089 -0.034229
1724138723.955482 0.050392 0.447108 0.399168 0.708423 0.684909 0.169955 -0.012325
1724138723.988824 0.054376 0.442099 0.398185 0.710644 0.678538 0.185459 0.013223
1724138724.022167 0.057335 0.436966 0.397533 0.711169 0.672841 0.200581 0.035916
1724138724.055530 0.059277 0.432338 0.397524 0.709677 0.668280 0.216628 0.053219
1724138724.088912 0.060492 0.427535 0.398133 0.707928 0.664159 0.229874 0.069918
1724138724.122304 0.060529 0.423351 0.398330 0.705631 0.659795 0.244755 0.082767
1724138724.155706 0.059534 0.419065 0.398516 0.704987 0.654433 0.256732 0.093803
1724138724.189117 0.057416 0.413964 0.398190 0.706382 0.647890 0.264786 0.105604
1724138724.222527 0.054835 0.408081 0.397355 0.708493 0.641440 0.269853 0.117353
1724138724.255948 0.051766 0.401166 0.395910 0.710443 0.636364 0.271674 0.128474
1724138724.289369 0.048065 0.393549 0.393845 0.711823 0.632725 0.272843 0.136098
1724138724.322790 0.043526 0.384569 0.391670 0.713997 0.631076 0.266850 0.144022
1724138724.356211 0.038265 0.375398 0.389468 0.714490 0.633638 0.256162 0.149626
1724138724.389642 0.032565 0.368020 0.386679 0.714260 0.638913 0.246839 0.143853
1724138724.423053 0.026133 0.361162 0.384062 0.715905 0.645189 0.230919 0.133744
1724138724.456454 0.019532 0.354920 0.381468 0.716178 0.654677 0.210077 0.119810
1724138724.489846 0.014118 0.350936 0.378354 0.716100 0.662220 0.196832 0.099613
1724138724.523219 0.009110 0.347432 0.376272 0.717707 0.667852 0.179892 0.080681
1724138724.556562 0.005021 0.345497 0.374899 0.719925 0.672109 0.161836 0.061541
1724138724.589906 0.001475 0.345913 0.373512 0.722638 0.673903 0.149395 0.036456
1724138724.623221 -0.001291 0.347599 0.373825 0.727272 0.672760 0.135484 0.010669
1724138724.656526 -0.003809 0.349626 0.374406 0.733874 0.668876 0.117680 -0.013589
1724138724.689820 -0.005945 0.351902 0.375205 0.738821 0.665659 0.098323 -0.037070
1724138724.723106 -0.007194 0.354037 0.376332 0.742220 0.663417 0.076836 -0.055530
1724138724.756372 -0.006892 0.356318 0.377134 0.745139 0.660647 0.058365 -0.070046
1724138724.789629 -0.005196 0.357824 0.377918 0.747169 0.658651 0.041424 -0.078741
1724138724.822866 -0.001594 0.359661 0.378747 0.747413 0.658612 0.028618 -0.082376
1724138724.856103 0.003192 0.362259 0.378670 0.745650 0.660466 0.027559 -0.083851
1724138724.889339 0.009187 0.365212 0.377740 0.743579 0.663047 0.034624 -0.079115
1724138724.922587 0.016150 0.368086 0.376765 0.743654 0.663652 0.045606 -0.066821
1724138724.955834 0.023203 0.370036 0.375849 0.743888 0.663819 0.060341 -0.048300
1724138724.989109 0.031544 0.372205 0.375639 0.745314 0.661278 0.080453 -0.027321
1724138725.022403 0.041370 0.373624 0.375681 0.746237 0.657210 0.105852 -0.000953
1724138725.055717 0.051769 0.373794 0.376555 0.745719 0.652305 0.132416 0.029470
1724138725.089061 0.062003 0.373732 0.378102 0.745337 0.643633 0.162792 0.060895
1724138725.122415 0.072463 0.372759 0.381367 0.743335 0.634329 0.191552 0.091583
1724138725.155817 0.081932 0.370496 0.385713 0.739971 0.624828 0.216022 0.123966
1724138725.189237 0.090015 0.366968 0.391043 0.733412 0.618324 0.235691 0.155665
1724138725.222686 0.096990 0.362884 0.397106 0.726127 0.613776 0.247600 0.186315
1724138725.256127 0.103255 0.358732 0.402879 0.719508 0.609406 0.254011 0.215431
1724138725.289586 0.109093 0.355462 0.408789 0.715544 0.605386 0.252822 0.239968
1724138725.323017 0.114185 0.353386 0.414119 0.714537 0.601645 0.248295 0.256536
1724138725.356448 0.119673 0.353007 0.418805 0.715305 0.600723 0.242785 0.261774
1724138725.389869 0.124792 0.354072 0.422856 0.719285 0.602143 0.230672 0.258541
1724138725.423270 0.129885 0.356998 0.426337 0.725578 0.603902 0.216835 0.248639
1724138725.456671 0.135164 0.361835 0.428988 0.732968 0.605769 0.205665 0.231309
1724138725.490053 0.140529 0.368255 0.431013 0.741603 0.606544 0.192065 0.212699
1724138725.523426 0.145952 0.375154 0.433377 0.748828 0.608631 0.176138 0.194422
1724138725.556789 0.151741 0.383621 0.435679 0.754838 0.611971 0.162765 0.170936
1724138725.590152 0.157658 0.392274 0.438865 0.761761 0.613351 0.147239 0.147789
1724138725.623496 0.164112 0.401261 0.443089 0.764339 0.618737 0.130412 0.126269
1724138725.656829 0.170913 0.411594 0.447411 0.765235 0.625090 0.117689 0.099133
1724138725.690153 0.177332 0.421051 0.452800 0.767820 0.628304 0.102008 0.072670
1724138725.723468 0.183805 0.428557 0.459071 0.771095 0.629776 0.078324 0.051579
1724138725.756773 0.190699 0.435761 0.465092 0.774510 0.629438 0.053536 0.032800
1724138725.790077 0.197735 0.443192 0.471249 0.776689 0.629048 0.029585 0.013364
1724138725.823373 0.204585 0.450188 0.477303 0.777412 0.628965 0.004681 -0.003425
1724138725.856649 0.211908 0.457845 0.482962 0.778683 0.626871 -0.017804 -0.019203
1724138725.889924 0.219917 0.466379 0.488552 0.781490 0.621907 -0.039016 -0.031354
1724138725.923190 0.228394 0.474917 0.493187 0.781695 0.619898 -0.057562 -0.036973
1724138725.956457 0.236922 0.483555 0.497969 0.781518 0.618146 -0.074982 -0.038764
1724138725.989722 0.245456 0.492337 0.502604 0.780363 0.617603 -0.092089 -0.033449
1724138726.022987 0.254681 0.501549 0.505788 0.775450 0.622563 -0.102981 -0.022098
1724138726.056244 0.264652 0.511635 0.508239 0.769592 0.628994 -0.109549 -0.009689
1724138726.089520 0.274320 0.521707 0.510435 0.763899 0.634457 -0.117752 0.007548
1724138726.122786 0.283362 0.531881 0.512970 0.758422 0.638534 -0.127977 0.026310
1724138726.156043 0.291449 0.541775 0.516022 0.752430 0.641833 -0.140557 0.046293
1724138726.189319 0.299437 0.551351 0.518485 0.744503 0.646878 -0.151129 0.066515
1724138726.222584 0.308077 0.560101 0.519914 0.731687 0.658324 -0.155815 0.083459
1724138726.255851 0.317338 0.566192 0.520051 0.713365 0.674981 -0.157511 0.103453
1724138726.289117 0.326875 0.568249 0.519001 0.688948 0.694052 -0.161290 0.132768
1724138726.322373 0.334888 0.567252 0.516723 0.661775 0.712421 -0.164716 0.165467
1724138726.355640 0.339089 0.567380 0.514335 0.645607 0.719711 -0.169873 0.190661
1724138726.388916 0.339641 0.567587 0.512059 0.635348 0.721092 -0.180997 0.208807
1724138726.422192 0.337936 0.566201 0.508219 0.622980 0.726581 -0.189075 0.219604
1724138726.455515 0.335859 0.565522 0.501521 0.613434 0.733593 -0.189635 0.222662
1724138726.488849 0.333899 0.566133 0.492732 0.606452 0.743188 -0.182312 0.215987
1724138726.522183 0.330843 0.567667 0.483180 0.601900 0.751545 -0.172506 0.207699
1724138726.555517 0.327133 0.571316 0.472714 0.600140 0.760230 -0.156824 0.193101
1724138726.588851 0.322332 0.576674 0.462201 0.603035 0.765817 -0.137498 0.175978
1724138726.622185 0.316667 0.582892 0.453040 0.610453 0.765794 -0.120644 0.162331
1724138726.655519 0.310529 0.589407 0.445418 0.620759 0.761487 -0.106575 0.153097
1724138726.688853 0.303576 0.596372 0.439030 0.633263 0.754162 -0.095685 0.145126
1724138726.722187 0.295325 0.604458 0.433917 0.645376 0.746534 -0.089405 0.134846
1724138726.755521 0.287162 0.613428 0.430015 0.656168 0.739788 -0.085070 0.122152
1724138726.788855 0.279767 0.623091 0.426825 0.666415 0.732583 -0.081572 0.112066
1724138726.822189 0.273250 0.632899 0.423726 0.675277 0.726085 -0.075805 0.105144
1724138726.855522 0.268199 0.642490 0.420390 0.682692 0.720038 -0.068797 0.103655
1724138726.888856 0.263831 0.650695 0.417427 0.688533 0.713927 -0.065259 0.109413
1724138726.922190 0.258758 0.657809 0.414339 0.690087 0.711795 -0.063982 0.114164
1724138726.955524 0.252421 0.663712 0.411436 0.689404 0.711434 -0.066256 0.119137
1724138726.988857 0.245014 0.669055 0.408612 0.689777 0.709002 -0.071635 0.128035
1724138727.022190 0.236128 0.674820 0.405954 0.690059 0.706712 -0.076851 0.135904
1724138727.055524 0.225563 0.681235 0.403635 0.690458 0.705009 -0.081531 0.139938
1724138727.088858 0.213478 0.688554 0.401683 0.693696 0.700901 -0.085581 0.142128
1724138727.122192 0.200195 0.696134 0.399546 0.697173 0.697210 -0.086483 0.142720
1724138727.155525 0.186584 0.703588 0.396733 0.698669 0.696383 -0.081344 0.142461
1724138727.188859 0.172724 0.710515 0.393260 0.699665 0.696931 -0.069974 0.140927
1724138727.222193 0.158210 0.716083 0.389601 0.702673 0.694841 -0.061190 0.140366
1724138727.255527 0.143048 0.719212 0.386455 0.706701 0.690635 -0.056507 0.142845
1724138727.288861 0.127680 0.719877 0.383331 0.709344 0.687985 -0.053842 0.143559
1724138727.322195 0.112837 0.718090 0.380333 0.709089 0.689433 -0.052000 0.138458
1724138727.355529 0.098386 0.713538 0.377516 0.707159 0.692776 -0.051033 0.131846
1724138727.388863 0.084480 0.706245 0.375160 0.704490 0.697204 -0.049303 0.123161
1724138727.422196 0.070830 0.696201 0.373352 0.699301 0.703600 -0.048791 0.116382
1724138727.455530 0.057361 0.683791 0.371790 0.693171 0.710846 -0.047525 0.109329
1724138727.488864 0.044950 0.669259 0.369746 0.686597 0.718465 -0.045597 0.101557
1724138727.522159 0.033415 0.651911 0.368641 0.679551 0.725902 -0.045860 0.095781
1724138727.555493 0.022562 0.632902 0.367863 0.674435 0.731674 -0.045307 0.087959
1724138727.588827 0.013574 0.612360 0.366650 0.669253 0.737761 -0.043118 0.077142
1724138727.622160 0.005468 0.589449 0.366362 0.666773 0.740044 -0.047133 0.074344
1724138727.655493 -0.001214 0.564603 0.367829 0.668662 0.736784 -0.057357 0.082165
1724138727.688789 -0.006074 0.539962 0.370054 0.670463 0.733519 -0.067606 0.088648
1724138727.722123 -0.009707 0.516850 0.371417 0.673925 0.729248 -0.072284 0.093797
1724138727.755457 -0.011672 0.495064 0.371673 0.682244 0.720278 -0.072070 0.102710
1724138727.788743 -0.011942 0.474752 0.370859 0.691803 0.710225 -0.067452 0.111530
1724138727.822077 -0.011238 0.456530 0.369783 0.698960 0.703937 -0.058077 0.112050
1724138727.855410 -0.008610 0.439316 0.368507 0.704582 0.699059 -0.044603 0.113538
1724138727.888792 -0.004447 0.421251 0.367031 0.711906 0.689491 -0.032219 0.129433
1724138727.922126 0.000621 0.405297 0.366587 0.720369 0.676714 -0.022698 0.150367
1724138727.955460 0.008077 0.392993 0.365806 0.724096 0.669398 -0.000588 0.166106
1724138727.988832 0.016796 0.382924 0.364343 0.722215 0.666712 0.034698 0.180823
1724138728.022165 0.024637 0.373791 0.364199 0.720189 0.659961 0.063290 0.204388
1724138728.055537 0.032466 0.366312 0.365152 0.717941 0.650531 0.087229 0.231866
1724138728.088881 0.040076 0.360408 0.366142 0.714039 0.641607 0.111719 0.256918
1724138728.122254 0.046667 0.355678 0.367382 0.708424 0.633276 0.135391 0.280655
1724138728.155656 0.052049 0.352084 0.368733 0.702046 0.626731 0.156538 0.299725
1724138728.189086 0.056740 0.349602 0.369697 0.695275 0.622679 0.173264 0.314392
1724138728.222526 0.060793 0.348413 0.369891 0.689799 0.622380 0.182708 0.321618
1724138728.255975 0.064977 0.349340 0.369198 0.688015 0.625240 0.184672 0.318759
1724138728.289416 0.068708 0.351392 0.368032 0.690546 0.630665 0.177453 0.306461
1724138728.322837 0.072048 0.354991 0.366638 0.695483 0.639114 0.161182 0.286108
1724138728.356258 0.075336 0.360006 0.365008 0.699590 0.651097 0.140167 0.258843
1724138728.389659 0.078474 0.366118 0.363096 0.702555 0.664078 0.117024 0.227425
1724138728.423041 0.082141 0.373232 0.362329 0.703515 0.677831 0.091217 0.193110
1724138728.456384 0.086205 0.381280 0.362190 0.700648 0.692940 0.067607 0.156066
1724138728.489709 0.091111 0.391203 0.361757 0.696490 0.706416 0.047893 0.116552
1724138728.522994 0.095783 0.401904 0.362067 0.691294 0.717555 0.028240 0.080188
1724138728.556261 0.100329 0.412750 0.362695 0.687274 0.724876 0.008793 0.046177
1724138728.589517 0.105455 0.423101 0.364492 0.685412 0.727736 -0.014712 0.019852
1724138728.622755 0.110454 0.432718 0.367558 0.684636 0.727657 -0.042279 0.001136
1724138728.655991 0.115462 0.442079 0.371275 0.682451 0.727381 -0.070108 -0.016238
1724138728.689238 0.120014 0.451422 0.375013 0.681238 0.724535 -0.099344 -0.033079
1724138728.722476 0.124492 0.459615 0.379949 0.681148 0.718465 -0.133723 -0.044316
1724138728.755723 0.129222 0.467354 0.385746 0.682089 0.709769 -0.169091 -0.048897
1724138728.788970 0.133842 0.475146 0.390446 0.682022 0.702134 -0.196524 -0.056853
1724138728.822217 0.137939 0.483117 0.394315 0.684166 0.692855 -0.219125 -0.062073
1724138728.855472 0.142626 0.490932 0.398414 0.689149 0.681050 -0.239651 -0.061733
1724138728.888806 0.148782 0.499638 0.399987 0.696024 0.671752 -0.247354 -0.055816
1724138728.922140 0.156775 0.508706 0.396582 0.700648 0.671998 -0.235641 -0.044544
1724138728.955474 0.165786 0.518740 0.389648 0.707311 0.674446 -0.210395 -0.023819
1724138728.988807 0.175694 0.528646 0.383793 0.713623 0.677229 -0.179132 -0.003883
1724138729.022179 0.185641 0.538433 0.379395 0.722016 0.674305 -0.153222 0.022989
1724138729.055513 0.193921 0.546961 0.376843 0.733117 0.664868 -0.132093 0.055137
1724138729.088847 0.200027 0.554580 0.376614 0.743727 0.652420 -0.117908 0.085537
1724138729.122220 0.205586 0.561302 0.377634 0.754929 0.635663 -0.110170 0.117805
1724138729.155554 0.209522 0.566831 0.380059 0.763559 0.618465 -0.107403 0.151468
1724138729.188888 0.212507 0.572265 0.383098 0.767461 0.605182 -0.105539 0.183355
1724138729.222230 0.216531 0.577466 0.385840 0.766126 0.598415 -0.100222 0.211911
1724138729.255564 0.220465 0.583419 0.388398 0.763789 0.592637 -0.093659 0.237981
1724138729.288918 0.223715 0.590062 0.391463 0.761323 0.586963 -0.087004 0.261326
1724138729.322281 0.226883 0.597055 0.394879 0.758138 0.583774 -0.081225 0.278994
1724138729.355644 0.230581 0.604925 0.397705 0.753967 0.584490 -0.076732 0.289858
1724138729.389007 0.235357 0.613250 0.399003 0.746821 0.592353 -0.068994 0.294307
1724138729.422369 0.240651 0.621986 0.398698 0.738051 0.605645 -0.057987 0.291740
1724138729.455732 0.246306 0.630946 0.397278 0.728153 0.623354 -0.046619 0.281160
1724138729.489104 0.252392 0.639989 0.394031 0.717879 0.643483 -0.033060 0.263603
1724138729.522467 0.259546 0.648639 0.389881 0.706471 0.666458 -0.016013 0.237646
1724138729.555821 0.266135 0.657406 0.384986 0.693036 0.691784 0.001531 0.202816
1724138729.589184 0.272362 0.664567 0.380551 0.677689 0.715271 0.016663 0.169843
1724138729.622545 0.279079 0.669731 0.377100 0.663018 0.735092 0.027620 0.138869
1724138729.655889 0.285731 0.673278 0.374114 0.651711 0.749798 0.037407 0.108061
1724138729.689242 0.292844 0.673625 0.371821 0.642865 0.760095 0.040370 0.085733
1724138729.722605 0.300764 0.671084 0.370173 0.636940 0.766827 0.039330 0.068822
1724138729.755968 0.309862 0.667077 0.368662 0.636560 0.768331 0.037362 0.055349
1724138729.789331 0.319703 0.661061 0.366943 0.638403 0.767510 0.035070 0.046261
1724138729.822685 0.330057 0.653369 0.364884 0.639998 0.766656 0.033183 0.039230
1724138729.856047 0.340763 0.644125 0.362978 0.644295 0.763313 0.032665 0.034211
1724138729.889390 0.351716 0.633426 0.360648 0.649734 0.758778 0.032484 0.032347
1724138729.922753 0.361825 0.621445 0.357846 0.654641 0.754601 0.033301 0.030240
1724138729.956107 0.370683 0.607837 0.355293 0.662266 0.748041 0.032977 0.027417
1724138729.989459 0.377951 0.592458 0.353068 0.673364 0.738278 0.029068 0.026101
1724138730.022821 0.383922 0.576267 0.350854 0.687021 0.725840 0.022977 0.025128
1724138730.056174 0.388164 0.558717 0.348856 0.702791 0.710836 0.015835 0.023387
1724138730.089528 0.390533 0.539886 0.347513 0.720404 0.693188 0.007201 0.021364
1724138730.122881 0.391315 0.519170 0.346809 0.738118 0.674238 -0.006046 0.023436
1724138730.156234 0.390677 0.498074 0.346061 0.754840 0.655245 -0.014816 0.025530
1724138730.189578 0.389392 0.475765 0.344784 0.770810 0.635939 -0.021617 0.031078
1724138730.222921 0.387026 0.452202 0.343645 0.783771 0.618690 -0.031745 0.043786
1724138730.256264 0.383653 0.428804 0.342437 0.792648 0.606176 -0.037107 0.053686
1724138730.289618 0.380578 0.406965 0.341041 0.798394 0.598476 -0.034629 0.056516
1724138730.322971 0.377381 0.386528 0.339712 0.801923 0.594123 -0.027848 0.056228
1724138730.356334 0.373404 0.367807 0.338229 0.802895 0.593552 -0.017282 0.052499
1724138730.389687 0.368682 0.350972 0.336087 0.801668 0.596187 -0.000859 0.043458
1724138730.423040 0.362600 0.334890 0.334339 0.800270 0.598529 0.013923 0.033716
1724138730.456403 0.354691 0.317973 0.333191 0.798823 0.600569 0.019618 0.028546
1724138730.489756 0.344797 0.300268 0.332053 0.796710 0.603535 0.017949 0.026008
1724138730.523099 0.333565 0.282812 0.330479 0.793833 0.607467 0.014562 0.024532
1724138730.556453 0.321300 0.265668 0.328432 0.790795 0.611485 0.009941 0.025102
1724138730.589787 0.308534 0.249658 0.326182 0.786339 0.617283 0.005996 0.024421
1724138730.623110 0.295567 0.235170 0.323363 0.779608 0.625927 0.005934 0.019775
1724138730.656425 0.282360 0.221649 0.319932 0.770578 0.637153 0.005596 0.014620
1724138730.689730 0.268277 0.209118 0.315984 0.760696 0.649028 0.002577 0.009900
1724138730.723025 0.253761 0.197963 0.311439 0.749959 0.661443 -0.004655 0.005664
1724138730.756321 0.238038 0.187133 0.306083 0.737906 0.674761 -0.013785 0.001412
1724138730.789597 0.222204 0.178812 0.300092 0.726666 0.686571 -0.023928 -0.002246
1724138730.822863 0.206200 0.172345 0.293845 0.717361 0.696039 -0.029519 -0.007253
1724138730.856109 0.190108 0.167760 0.287515 0.708690 0.704641 -0.033058 -0.012107
1724138730.889366 0.174411 0.166141 0.281659 0.701128 0.711987 -0.034198 -0.018047
1724138730.922622 0.158503 0.164559 0.276633 0.695711 0.717228 -0.031555 -0.023959
1724138730.955850 0.142810 0.164259 0.272702 0.693178 0.719627 -0.032849 -0.023711
1724138730.989087 0.127648 0.165395 0.269984 0.692839 0.719944 -0.033984 -0.022340
1724138731.022332 0.112951 0.167777 0.268161 0.694371 0.718604 -0.031028 -0.022263
1724138731.055579 0.099061 0.172065 0.267209 0.697647 0.715605 -0.028807 -0.019195
1724138731.088836 0.085552 0.177373 0.267025 0.701213 0.712244 -0.028382 -0.014277
1724138731.122170 0.072795 0.185143 0.267410 0.705550 0.708097 -0.026699 -0.009226
1724138731.155504 0.060500 0.194161 0.268017 0.710191 0.703564 -0.024912 -0.002325
1724138731.188838 0.048953 0.204360 0.269205 0.714501 0.698996 -0.027775 0.010999
1724138731.222171 0.038925 0.216898 0.271091 0.718560 0.694374 -0.031780 0.022505
1724138731.255505 0.029787 0.231043 0.273306 0.723216 0.688965 -0.036003 0.031438
1724138731.288839 0.021577 0.247136 0.275408 0.729578 0.681035 -0.044206 0.044192
1724138731.322173 0.014789 0.263684 0.277654 0.737856 0.670757 -0.051445 0.054832
1724138731.355507 0.009250 0.282688 0.279069 0.746542 0.659777 -0.057951 0.063331
1724138731.388841 0.004211 0.303186 0.279910 0.753433 0.650618 -0.062592 0.071539
1724138731.422174 0.000679 0.324832 0.281076 0.757979 0.643352 -0.070241 0.081439
1724138731.455508 -0.001980 0.346951 0.283035 0.762999 0.635149 -0.079707 0.089809
1724138731.488842 -0.003382 0.370706 0.284793 0.767162 0.628364 -0.086881 0.095247
1724138731.522176 -0.003442 0.395339 0.286789 0.769896 0.624110 -0.089893 0.098317
1724138731.555510 -0.002525 0.419355 0.289916 0.771521 0.621026 -0.095432 0.099870
1724138731.588844 -0.000913 0.442558 0.293137 0.771639 0.619432 -0.102400 0.101939
1724138731.622177 0.001747 0.465966 0.295903 0.772291 0.618755 -0.103963 0.099499
1724138731.655511 0.005645 0.488422 0.299188 0.769995 0.622773 -0.104409 0.091439
1724138731.688884 0.011277 0.509870 0.302763 0.765360 0.629911 -0.104982 0.080094
1724138731.722218 0.018108 0.529866 0.306388 0.760118 0.637914 -0.104770 0.065643
1724138731.755552 0.026836 0.549527 0.309092 0.751852 0.650037 -0.099438 0.047774
1724138731.788886 0.036753 0.567440 0.311943 0.742368 0.663448 -0.088332 0.030379
1724138731.822219 0.047569 0.585369 0.314370 0.734290 0.674479 -0.075483 0.014106
1724138731.855553 0.058616 0.602680 0.317393 0.726255 0.684812 -0.059658 -0.005203
1724138731.888926 0.070005 0.618780 0.320630 0.720058 0.692162 -0.044363 -0.021434
1724138731.922260 0.081441 0.632974 0.324137 0.714681 0.697880 -0.029044 -0.036754
1724138731.955594 0.093615 0.645203 0.328036 0.710385 0.701734 -0.013936 -0.052234
1724138731.988927 0.106479 0.655132 0.332159 0.705963 0.705257 -0.000277 -0.065032
1724138732.022259 0.119509 0.661832 0.336842 0.701131 0.708851 0.010275 -0.076416
1724138732.055603 0.132598 0.666487 0.341463 0.696612 0.711816 0.018407 -0.087809
1724138732.088937 0.145893 0.668722 0.346125 0.692640 0.713978 0.025056 -0.099286
1724138732.122281 0.159761 0.668363 0.351218 0.689624 0.715292 0.029213 -0.109189
1724138732.155625 0.173225 0.665644 0.355619 0.688116 0.715812 0.032226 -0.114326
1724138732.188968 0.187422 0.661238 0.359546 0.688859 0.714749 0.033039 -0.116259
1724138732.222321 0.201706 0.654950 0.362596 0.688029 0.714717 0.038585 -0.119611
1724138732.255674 0.216172 0.647514 0.364867 0.686541 0.715243 0.045885 -0.122410
1724138732.289018 0.229602 0.638516 0.366954 0.685859 0.715254 0.052198 -0.123628
1724138732.322371 0.242736 0.627089 0.368882 0.688534 0.713325 0.055287 -0.118454
1724138732.355724 0.254279 0.615096 0.370224 0.692472 0.710173 0.059426 -0.112277
1724138732.389087 0.263654 0.603308 0.371472 0.697843 0.705255 0.063542 -0.107672
1724138732.422449 0.271484 0.590889 0.372541 0.703336 0.699946 0.068687 -0.103325
1724138732.455812 0.278370 0.578283 0.372974 0.707562 0.696108 0.074508 -0.096118
1724138732.489175 0.282718 0.564622 0.373310 0.709861 0.694795 0.078349 -0.084961
1724138732.522538 0.284783 0.551597 0.373581 0.711100 0.693943 0.084339 -0.075282
1724138732.555911 0.285439 0.539272 0.373435 0.713259 0.692235 0.090022 -0.062991
1724138732.589274 0.284122 0.527691 0.373279 0.716771 0.689054 0.094962 -0.049250
1724138732.622655 0.280341 0.517009 0.372476 0.721468 0.683775 0.102900 -0.036697
1724138732.656028 0.275110 0.506011 0.371013 0.728456 0.676080 0.108611 -0.021702
1724138732.689400 0.267966 0.493126 0.369031 0.738514 0.665417 0.108695 -0.001734
1724138732.722783 0.259466 0.479820 0.366720 0.748835 0.654012 0.105572 0.019191
1724138732.756165 0.249681 0.465682 0.363940 0.757021 0.644000 0.103449 0.038500
1724138732.789547 0.238497 0.451184 0.360861 0.764827 0.634127 0.098563 0.056649
1724138732.822928 0.226060 0.435986 0.357225 0.772561 0.623775 0.091185 0.075755
1724138732.856311 0.213308 0.421583 0.353384 0.777575 0.616302 0.083811 0.092326
1724138732.889683 0.199640 0.407309 0.349703 0.781211 0.610528 0.073191 0.107737
1724138732.923056 0.185076 0.393035 0.346198 0.784761 0.604646 0.058474 0.123019
1724138732.956419 0.170079 0.379897 0.343038 0.787886 0.598804 0.041335 0.137699
1724138732.989772 0.154621 0.368388 0.340425 0.790980 0.592572 0.021773 0.150780
1724138733.023114 0.139339 0.359292 0.338129 0.793569 0.587032 0.002462 0.160111
1724138733.056448 0.124523 0.352160 0.336380 0.796007 0.580942 -0.019549 0.168810
1724138733.089773 0.110119 0.346330 0.335633 0.797314 0.573649 -0.047949 0.181435
1724138733.123077 0.097684 0.343520 0.335742 0.796795 0.568036 -0.075881 0.191559
1724138733.156354 0.087767 0.345294 0.334987 0.794359 0.567987 -0.095039 0.193269
1724138733.189620 0.080341 0.349119 0.334438 0.790828 0.571091 -0.109787 0.190768
1724138733.222876 0.074453 0.356120 0.333862 0.787221 0.573688 -0.126100 0.187787
1724138733.256123 0.070311 0.365666 0.333007 0.783850 0.579766 -0.135054 0.176667
1724138733.289360 0.068859 0.379522 0.330424 0.779551 0.590930 -0.136408 0.156510
1724138733.322598 0.068249 0.394838 0.327962 0.773758 0.604862 -0.134164 0.132063
1724138733.355835 0.069385 0.411344 0.325970 0.766756 0.620202 -0.128667 0.104303
1724138733.389072 0.072291 0.429552 0.324149 0.759178 0.635736 -0.119179 0.072692
1724138733.422309 0.076693 0.448286 0.323401 0.751689 0.649089 -0.109520 0.040652
1724138733.455575 0.082396 0.466404 0.323763 0.743837 0.660519 -0.101446 0.011431
1724138733.488909 0.090024 0.484604 0.324624 0.737022 0.669125 -0.093716 -0.016967
1724138733.522243 0.099128 0.502737 0.325999 0.730653 0.675959 -0.083724 -0.047066
1724138733.555577 0.109802 0.520763 0.327883 0.721398 0.684477 -0.073872 -0.074959
1724138733.588950 0.122139 0.537277 0.330337 0.711622 0.692975 -0.063608 -0.096616
1724138733.622283 0.135661 0.553696 0.332101 0.701869 0.701024 -0.051837 -0.115142
1724138733.655617 0.149596 0.569659 0.334423 0.691632 0.708725 -0.036612 -0.134215
1724138733.688951 0.164456 0.585127 0.337554 0.682545 0.714584 -0.022490 -0.151646
1724138733.722294 0.180497 0.598838 0.341393 0.675346 0.718129 -0.010691 -0.167583
1724138733.755628 0.197172 0.610762 0.345408 0.670266 0.720268 -0.001596 -0.178760
1724138733.788962 0.214580 0.619970 0.348959 0.666482 0.721702 0.007181 -0.186804
1724138733.822315 0.231918 0.626830 0.351728 0.663451 0.722350 0.016386 -0.194358
1724138733.855658 0.249279 0.630680 0.353541 0.661511 0.722931 0.024426 -0.197931
1724138733.889021 0.267137 0.629952 0.355086 0.660086 0.723906 0.030514 -0.198279
1724138733.922364 0.284467 0.625379 0.356839 0.658647 0.725107 0.033982 -0.198116
1724138733.955709 0.301540 0.616480 0.358026 0.659686 0.725483 0.034197 -0.193183
1724138733.989061 0.317848 0.604784 0.358090 0.665076 0.722879 0.036335 -0.183846
1724138734.022413 0.333443 0.590296 0.357748 0.673513 0.716590 0.043487 -0.176030
1724138734.055767 0.346835 0.573561 0.357205 0.683888 0.707805 0.050764 -0.169505
1724138734.089120 0.358006 0.554967 0.356355 0.694752 0.698194 0.057868 -0.162775
1724138734.122473 0.367407 0.533873 0.354576 0.702771 0.692030 0.063158 -0.152376
1724138734.155827 0.374224 0.511764 0.351634 0.708140 0.688835 0.065819 -0.140401
1724138734.189170 0.377677 0.487338 0.348491 0.711936 0.688319 0.061491 -0.124834
1724138734.222523 0.379330 0.463863 0.345639 0.714332 0.688135 0.058283 -0.113154
1724138734.255866 0.378406 0.442154 0.342506 0.714099 0.689010 0.058762 -0.108974
1724138734.289210 0.374504 0.422006 0.339317 0.714715 0.689119 0.055168 -0.106081
1724138734.322534 0.368017 0.402645 0.336283 0.719245 0.686144 0.044689 -0.099477
1724138734.355868 0.360172 0.386172 0.333386 0.724675 0.681806 0.036164 -0.093160
1724138734.389202 0.350752 0.371298 0.330516 0.732321 0.674833 0.028302 -0.086633
1724138734.422535 0.339799 0.358696 0.327322 0.741652 0.665419 0.021208 -0.081979
1724138734.455869 0.328596 0.347873 0.325171 0.747805 0.659309 0.010740 -0.077364
1724138734.489203 0.316190 0.341345 0.322753 0.753623 0.651915 0.012097 -0.083150
1724138734.522537 0.303110 0.336933 0.319411 0.757642 0.646873 0.013018 -0.085817
1724138734.555871 0.289755 0.332214 0.316104 0.758078 0.647689 0.002427 -0.076226
1724138734.589205 0.276548 0.328967 0.313051 0.758407 0.648217 -0.004711 -0.067914
1724138734.622529 0.263999 0.327739 0.310554 0.759718 0.646960 -0.006167 -0.065060
1724138734.655863 0.252079 0.328364 0.308448 0.760938 0.645394 -0.002723 -0.066580
1724138734.689157 0.240892 0.331259 0.306055 0.762281 0.643162 0.007772 -0.072182
1724138734.722473 0.230791 0.333433 0.303984 0.765396 0.639525 0.013533 -0.070662
1724138734.755797 0.222339 0.334916 0.300876 0.764121 0.641087 0.025609 -0.066865
1724138734.789112 0.216750 0.335663 0.296065 0.762930 0.642860 0.041992 -0.053901
1724138734.822435 0.212672 0.336290 0.292022 0.764221 0.641297 0.056289 -0.039195
1724138734.855759 0.209605 0.337820 0.289797 0.766287 0.638120 0.068943 -0.029238
1724138734.889093 0.207437 0.340102 0.288907 0.769025 0.633724 0.081095 -0.020437
1724138734.922437 0.204750 0.343695 0.288921 0.773950 0.626156 0.093514 -0.013610
1724138734.955781 0.201660 0.348003 0.290518 0.782962 0.613571 0.101988 -0.009987
1724138734.989143 0.198153 0.351739 0.292465 0.796811 0.594888 0.105767 -0.003608
1724138735.022505 0.194558 0.354300 0.293575 0.810889 0.575001 0.108552 0.006972
1724138735.055867 0.191173 0.356057 0.294027 0.819570 0.560573 0.117612 0.015183
1724138735.089260 0.187715 0.356354 0.294085 0.825506 0.549402 0.127111 0.023249
1724138735.122642 0.184572 0.355645 0.293435 0.827600 0.543081 0.138237 0.032110
1724138735.156034 0.181877 0.354314 0.291495 0.825906 0.540640 0.154599 0.041056
1724138735.189435 0.178963 0.352617 0.289069 0.824755 0.536913 0.170136 0.050574
1724138735.222836 0.175928 0.350783 0.285846 0.822725 0.533734 0.186265 0.059635
1724138735.256238 0.172342 0.348285 0.282129 0.820000 0.531216 0.202273 0.067046
1724138735.289649 0.167665 0.345253 0.277989 0.817664 0.528604 0.215944 0.073283
1724138735.323060 0.161929 0.340754 0.273364 0.812405 0.530231 0.229928 0.077367
1724138735.356472 0.154193 0.335005 0.269026 0.809254 0.531053 0.238123 0.079926
1724138735.389883 0.145079 0.328047 0.265349 0.806843 0.532745 0.242511 0.079850
1724138735.423293 0.135378 0.319591 0.262525 0.803720 0.537369 0.243451 0.077466
1724138735.456695 0.126617 0.309378 0.259653 0.802642 0.539010 0.242925 0.078871
1724138735.490097 0.120813 0.298499 0.255597 0.799766 0.539123 0.248163 0.090198
1724138735.523479 0.117057 0.288410 0.251495 0.794597 0.540634 0.255916 0.104101
1724138735.556871 0.113381 0.281179 0.248269 0.789155 0.544149 0.263272 0.108740
1724138735.590263 0.109480 0.276974 0.246068 0.788533 0.542954 0.270128 0.102213
1724138735.623654 0.106014 0.273676 0.243553 0.791047 0.536853 0.278146 0.093106
1724138735.657036 0.104187 0.268400 0.238682 0.790179 0.532902 0.288792 0.090729
1724138735.690418 0.103308 0.260201 0.231600 0.784267 0.534602 0.299886 0.095889
1724138735.723811 0.101641 0.250186 0.223590 0.778760 0.536823 0.307436 0.104097
1724138735.757193 0.098814 0.239493 0.215613 0.773090 0.541174 0.311663 0.111033
1724138735.790575 0.095129 0.228973 0.208843 0.763305 0.552234 0.315725 0.112781
1724138735.823956 0.089413 0.218856 0.202734 0.756481 0.561887 0.315759 0.110979
1724138735.857329 0.083343 0.208313 0.196997 0.750328 0.570806 0.314712 0.110204
1724138735.890702 0.078021 0.198132 0.190633 0.743667 0.577289 0.316800 0.115479
1724138735.924075 0.072628 0.187709 0.184237 0.741412 0.578975 0.316699 0.121647
1724138735.957438 0.067449 0.176830 0.178041 0.738463 0.580782 0.317781 0.127982
1724138735.990791 0.062296 0.166178 0.171886 0.734916 0.583068 0.318678 0.135551
1724138736.024153 0.056904 0.155975 0.165292 0.733446 0.584123 0.317517 0.141567
